[1839797, -458279, -1177104, 1841375, 242941, 1839912, 2719057, -1178289]
[1404479, 78121, -583575, 1405719, 1045897, 1404641, 3533777, -584146]
[1091979, 1333753, 594390, 1092967, 2395716, 1092175, 4881598, 594994]
[1492194, 1041918, 126524, 1493474, 1725053, 1492354, 4198887, 126601]
[1847646, -221844, -1062285, 1849212, 336639, 1847759, 2808406, -1063365]
[1499406, -44546, -784198, 1500709, 774983, 1499547, 3258161, -784967]
[1095281, 1191344, 482254, 1096270, 2263641, 1095462, 4747322, 482739]
[1401021, 1085829, 344009, 1402231, 1979028, 1401182, 4442848, 344299]
[1816253, -33022, -900614, 1817785, 501209, 1816361, 2956747, -901562]
[1583120, -127276, -962394, 1584487, 541321, 1583239, 3008136, -963349]
[1121626, 1095144, 299223, 1122633, 2046536, 1121798, 4518707, 299536]
[1307129, 1346831, 520760, 1308263, 2184071, 1307303, 4640451, 521218]
[1769799, 286478, -674502, 1771314, 733858, 1769934, 3179998, -675222]
[1668521, -153866, -1081886, 1669966, 355550, 1668636, 2812497, -1082958]
[1171533, 989874, 85023, 1172571, 1779898, 1171701, 4242621, 85134]
[1217684, 1647803, 645436, 1218731, 2332520, 1217852, 4779812, 646066]
[1703624, 669245, -424634, 1705072, 1005316, 1703743, 3438116, -425131]
[1737161, -38750, -1141737, 1738666, 249473, 1737274, 2685803, -1142894]
[1245471, 904782, -141254, 1246589, 1503003, 1245634, 3946969, -141368]
[1156252, 1781428, 713709, 1157274, 2424674, 1156423, 4856296, 714418]
[1635830, 957593, -170930, 1637214, 1295915, 1635956, 3707811, -171152]
[1801109, -28166, -1142419, 1802651, 213177, 1801225, 2623414, -1143552]
[1342584, 601178, -371774, 1343765, 1210608, 1342756, 3630999, -372119]
[1118361, 1707605, 730280, 1119369, 2446903, 1118539, 4858994, 731027]
[1555501, 1193038, 97156, 1556823, 1593035, 1555635, 3985464, 97209]
[1831033, 78334, -1058651, 1832598, 271266, 1831149, 2660134, -1059712]
[1429797, 471896, -584474, 1431051, 940761, 1429953, 3343497, -585022]
[1105763, 1698329, 644754, 1106763, 2359670, 1105959, 4761662, 645416]
[1480828, 1378416, 309957, 1482099, 1845598, 1480980, 4229811, 310216]
[1841726, 165381, -920611, 1843293, 403187, 1841828, 2782976, -921568]
[1527971, 326392, -780321, 1529306, 682374, 1528113, 3076241, -781086]
[1123013, 1616319, 509905, 1124018, 2199713, 1123197, 4597940, 510425]
[1406971, 1680219, 521116, 1408183, 2082873, 1407119, 4466118, 521590]
[1837642, 488617, -710901, 1839220, 609762, 1837764, 2984984, -711652]
[1645791, 225309, -915703, 1647220, 476036, 1645929, 2863361, -916619]
[1192334, 1426779, 339799, 1193390, 1976010, 1192512, 4374343, 340191]
[1347969, 1892191, 717706, 1349132, 2301931, 1348123, 4684256, 718401]
[1817832, 808986, -442645, 1819364, 899441, 1817943, 3259943, -443164]
[1750211, 221047, -984738, 1751719, 360732, 1750344, 2732498, -985727]
[1278118, 1252096, 131517, 1279241, 1731552, 1278271, 4112568, 131683]
[1298954, 1963337, 831806, 1300074, 2460120, 1299105, 4823588, 832614]
[1773351, 1006171, -182892, 1774843, 1192412, 1773464, 3544363, -183136]
[1831506, 153695, -1027972, 1833055, 280704, 1831624, 2639403, -1029019]
[1363430, 1023286, -102738, 1364590, 1455016, 1363582, 3823294, -102806]
[1261039, 2001646, 878699, 1262129, 2529799, 1261203, 4892986, 879576]
[1716846, 1257176, 75093, 1718283, 1487738, 1716960, 3838458, 75104]
[1884473, 167159, -1014977, 1886073, 265194, 1884582, 2618959, -1015995]
[1449157, 759150, -352129, 1450418, 1145145, 1449298, 3517873, -352452]
[1233068, 1948362, 847823, 1234144, 2503729, 1233225, 4875558, 848677]
[1652384, 1488791, 318020, 1653781, 1765937, 1652519, 4123987, 318278]
[1921238, 274838, -919530, 1922872, 341520, 1921335, 2700361, -920461]
[1540934, 544748, -583602, 1542272, 854172, 1541076, 3227957, -584146]
[1220328, 1814303, 715056, 1221393, 2361124, 1220501, 4737532, 715794]
[1567277, 1685703, 522908, 1568587, 2009781, 1567412, 4370229, 523378]
[1920051, 435908, -764264, 1921667, 499418, 1920156, 2853907, -765057]
[1631771, 363706, -775532, 1633188, 605716, 1631914, 2974102, -776295]
[1233842, 1622721, 532785, 1234964, 2150169, 1234016, 4526795, 533341]
[1487436, 1839286, 698865, 1488697, 2216216, 1487571, 4579194, 699530]
[1903687, 642128, -541394, 1905270, 727954, 1903786, 3083939, -541965]
[1732088, 220242, -911533, 1733561, 403988, 1732185, 2771568, -912431]
[1284885, 1378850, 311440, 1286023, 1876620, 1285052, 4255509, 311786]
[1408570, 1939604, 840910, 1409790, 2377098, 1408735, 4747106, 841707]
[1857853, 866736, -283492, 1859430, 994818, 1857971, 3356516, -283831]
[1812843, 147679, -968711, 1814395, 283799, 1812948, 2657065, -969671]
[1362798, 1149374, 102466, 1363988, 1602956, 1362961, 3989981, 102596]
[1374755, 2009714, 946204, 1375943, 2493466, 1374919, 4872263, 947136]
[1833449, 1131148, 6763, 1834991, 1307488, 1833556, 3673065, 6701]
[1903929, 148529, -962779, 1905549, 242707, 1904046, 2613733, -963769]
[1459490, 918168, -122188, 1460752, 1315727, 1459657, 3701859, -122286]
[1353029, 2034801, 988936, 1354191, 2545359, 1353187, 4926791, 989944]
[1798051, 1400943, 287461, 1799549, 1619899, 1798173, 3984663, 287693]
[1976108, 228720, -893313, 1977789, 286983, 1976217, 2651319, -894235]
[1555115, 699444, -351973, 1556463, 1035259, 1555273, 3411692, -352301]
[1328480, 1958691, 926778, 1329651, 2496994, 1328657, 4869586, 927734]
[1730299, 1626063, 524405, 1731736, 1910073, 1730425, 4261954, 524881]
[1996623, 358071, -773560, 1998296, 415565, 1996733, 2760510, -774380]
[1630170, 483620, -590122, 1631591, 760359, 1630318, 3114412, -590703]
[1298037, 1808561, 757568, 1299176, 2336887, 1298216, 4690734, 758369]
[1627389, 1821536, 711597, 1628764, 2157712, 1627524, 4492323, 712259]
[1974644, 564511, -599969, 1976311, 619378, 1974754, 2942276, -600608]
[1706253, 325792, -781500, 1707724, 535211, 1706393, 2868494, -782244]
[1301721, 1567157, 522469, 1302877, 2090746, 1301904, 4430082, 523043]
[1524721, 1936816, 850101, 1526011, 2351623, 1524876, 4674493, 850929]
[1932336, 748118, -386007, 1933932, 865783, 1932424, 3177627, -386426]
[1778097, 172529, -916302, 1779608, 356913, 1778204, 2679405, -917207]
[1328969, 1288904, 267818, 1330147, 1797400, 1329141, 4128958, 268119]
[1422849, 1989193, 940639, 1424082, 2474750, 1423008, 4794371, 941579]
[1868186, 961913, -144019, 1869757, 1139784, 1868292, 3445395, -144216]
[1847713, 107326, -982009, 1849289, 253539, 1847820, 2564118, -982994]
[1383631, 1028550, -1196, 1384833, 1483970, 1383795, 3805546, -1172]
[1341933, 2011399, 964037, 1343100, 2527871, 1342099, 4841521, 964988]
[1789800, 1213658, 95916, 1791281, 1421309, 1789904, 3719646, 95946]
[1894259, 128189, -982537, 1895874, 222998, 1894363, 2526907, -983534]
[1446546, 784713, -260752, 1447818, 1169653, 1446690, 3486550, -260994]
[1283753, 1947599, 922940, 1284882, 2500194, 1283928, 4810128, 923891]
[1706772, 1426279, 324092, 1708193, 1687540, 1706884, 3981501, 324371]
[1917759, 234884, -905135, 1919373, 283818, 1917855, 2578486, -906079]
[1522165, 561535, -489497, 1523494, 886652, 1522318, 3192926, -489976]
[1252480, 1813571, 799304, 1253583, 2369661, 1252644, 4673546, 800128]
[1621021, 1596023, 518694, 1622373, 1918816, 1621144, 4206440, 519176]
[1923708, 341051, -763103, 1925313, 425318, 1923799, 2710488, -763898]
[1604799, 330689, -711379, 1606188, 606366, 1604946, 2904933, -712076]
[1243484, 1631826, 615834, 1244606, 2169711, 1243671, 4469872, 616478]
[1524281, 1769039, 706209, 1525593, 2152758, 1524441, 4435559, 706896]
[1900752, 527759, -576385, 1902348, 633961, 1900853, 2907568, -576996]
[1681795, 174120, -887441, 1683227, 390101, 1681917, 2674986, -888302]
[1257473, 1380181, 366721, 1258587, 1898089, 1257644, 4187778, 367118]
[1425411, 1871564, 810028, 1426646, 2302788, 1425578, 4577275, 810811]
[1843738, 750196, -370523, 1845297, 875534, 1843856, 3140102, -370954]
[1741496, 71524, -1016949, 1743005, 226066, 1741623, 2498546, -1017961]
[1290504, 1112404, 89849, 1291642, 1589029, 1290679, 3868175, 89971]
[1338799, 1924168, 874253, 1339949, 2409643, 1338947, 4673668, 875123]
[1780536, 988101, -136391, 1782036, 1157369, 1780655, 3404873, -136583]
[1804596, 34569, -1071957, 1806142, 150541, 1804711, 2399804, -1073033]
[1353631, 835918, -187345, 1354831, 1277524, 1353800, 3534265, -187509]
[1270854, 1862146, 867769, 1271974, 2439460, 1271027, 4687543, 868640]
[1709736, 1134753, 98444, 1711183, 1447178, 1709865, 3677174, 98493]
[1859043, -37770, -1045583, 1860636, 168311, 1859149, 2399121, -1046633]
[1438078, 464879, -435610, 1439346, 989273, 1438251, 3232536, -435993]
[1237467, 1659466, 793906, 1238571, 2386617, 1237662, 4623665, 794725]
[1643080, 1236632, 313256, 1644471, 1716276, 1643208, 3935538, 313526]
[1894813, -13954, -951719, 1896429, 271006, 1894916, 2485913, -952674]
[1526281, 187757, -677561, 1527634, 718342, 1526439, 2942276, -678194]
[1218566, 1466524, 637836, 1219655, 2249694, 1218745, 4470911, 638501]
[1556263, 1389697, 495312, 1557583, 1966120, 1556394, 4166374, 495750]
[1887253, 126116, -799043, 1888857, 455389, 1887366, 2648264, -799874]
[1603899, -9925, -872969, 1605303, 494645, 1604049, 2696330, -873829]
[1221069, 1255976, 429167, 1222146, 2037341, 1221258, 4240164, 429611]
[1455894, 1555166, 645956, 1457139, 2168795, 1456055, 4358173, 646564]
[1846136, 352360, -600277, 1847693, 684536, 1846242, 2866945, -600934]
[1677711, -141888, -1035573, 1679161, 289635, 1677839, 2483712, -1036614]
[1244616, 1005139, 168918, 1245733, 1746028, 1244798, 3948093, 169109]
[1362529, 1629846, 744566, 1363735, 2312506, 1362713, 4500503, 745296]
[1794261, 569930, -376884, 1795795, 950561, 1794386, 3126777, -377320]
[1747678, -225516, -1140307, 1749180, 160496, 1747793, 2345036, -1141462]
[1296920, 761283, -117254, 1298084, 1436389, 1297088, 3630872, -117351]
[1287218, 1686399, 761169, 1288351, 2383268, 1287379, 4566829, 761909]
[1724921, 866263, -176761, 1726386, 1216261, 1725039, 3387351, -177008]
[1794548, -116947, -1206617, 1796101, 100743, 1794660, 2274811, -1207842]
[1351545, 626389, -432791, 1352758, 1116778, 1351719, 3296670, -433226]
[1217731, 1761485, 675197, 1218813, 2373688, 1217920, 4533773, 675855]
[1637075, 1176254, -11104, 1638465, 1497959, 1637216, 3633221, -11182]
[1819733, -3684, -1236012, 1821293, 138823, 1819851, 2270094, -1237271]
[1413599, 406601, -778566, 1414849, 802518, 1413753, 2948170, -779310]
[1162656, 1671052, 491474, 1163703, 2267519, 1162838, 4414517, 491974]
[1538843, 1401382, 126773, 1540166, 1749508, 1538986, 3878073, 126832]
[1808168, 132434, -1194116, 1809720, 254721, 1808276, 2373190, -1195346]
[1465378, 199641, -1066499, 1466666, 526727, 1465523, 2660814, -1067563]
[1137469, 1477076, 261964, 1138499, 2066449, 1137659, 4206389, 262239]
[1437858, 1532811, 246848, 1439091, 1939243, 1437991, 4070588, 247024]
[1775260, 273993, -1068024, 1776771, 409874, 1775345, 2539195, -1069141]
[1521834, -20380, -1307207, 1523183, 256970, 1521972, 2393924, -1308501]
[1122875, 1191867, -37064, 1123901, 1776878, 1123075, 3920416, -37074]
[1321599, 1596453, 312455, 1322754, 2084295, 1321769, 4214932, 312727]
[1710645, 435229, -919113, 1712119, 627443, 1710770, 2752918, -920082]
[1565638, -178943, -1504117, 1567021, 59824, 1565759, 2195191, -1505597]
[1125004, 901128, -358757, 1126034, 1453641, 1125179, 3592241, -359094]
[1205654, 1637144, 347758, 1206719, 2183458, 1205821, 4302897, 348068]
[1627072, 644063, -716418, 1628468, 904338, 1627179, 3001976, -717188]
[1609506, -262663, -1600393, 1610916, -22857, 1609632, 2079258, -1601960]
[1163174, 592263, -655591, 1164249, 1156763, 1163346, 3264029, -656219]
[1118020, 1601955, 340525, 1119023, 2241984, 1118193, 4335026, 340844]
[1547286, 850801, -496911, 1548629, 1193946, 1547431, 3272354, -497479]
[1645601, -246807, -1603987, 1647052, -28146, 1645721, 2055566, -1605597]
[1212333, 359989, -925264, 1213453, 858603, 1212508, 2957126, -926163]
[1049461, 1536714, 262328, 1050431, 2187588, 1049660, 4284561, 262581]
[1453427, 1055499, -295204, 1454696, 1439051, 1453579, 3522173, -295555]
[1659802, -156038, -1538178, 1661253, 27298, 1659914, 2116144, -1539739]
[1277741, 139112, -1178959, 1278912, 552141, 1277897, 2661370, -1180131]
[1009206, 1417073, 120336, 1010160, 2042159, 1009409, 4153019, 120463]
[1360169, 1279201, -108926, 1361376, 1665533, 1360314, 3761365, -109106]
[1652094, 23044, -1406957, 1653545, 168887, 1652197, 2263698, -1408399]
[1351014, -29169, -1396142, 1352244, 296833, 1351144, 2405811, -1397509]
[1007783, 1251854, -79155, 1008719, 1833856, 1007959, 3944806, -79206]
[1271575, 1447024, 59752, 1272694, 1879526, 1271732, 3977105, 59781]
[1633706, 230817, -1195718, 1635116, 403604, 1633808, 2497672, -1196951]
[1430148, -164106, -1530574, 1431436, 120019, 1430288, 2229119, -1532079]
[1029176, 1004779, -290520, 1030139, 1590262, 1029359, 3706582, -290785]
[1191705, 1522335, 193645, 1192767, 2043162, 1191866, 4146063, 193794]
[1607416, 452140, -939059, 1608816, 680006, 1607544, 2776144, -940058]
[1534268, -199775, -1586530, 1535634, 13464, 1534408, 2123399, -1588112]
[1098455, 837784, -500446, 1099475, 1322499, 1098643, 3446099, -500932]
[1124940, 1659885, 303131, 1125958, 2162213, 1125127, 4272803, 303396]
[1560842, 769598, -650100, 1562204, 984769, 1560976, 3083176, -650806]
[1631801, -178092, -1569189, 1633223, -22691, 1631916, 2088825, -1570761]
[1204594, 597874, -700574, 1205673, 1052801, 1204739, 3179752, -701252]
[1098896, 1653915, 368877, 1099871, 2219129, 1099058, 4341083, 369246]
[1530304, 1001096, -348514, 1531630, 1293191, 1530433, 3402424, -348920]
[1715995, -93117, -1449151, 1717502, 52666, 1716114, 2167670, -1450589]
[1326333, 414733, -865696, 1327538, 813449, 1326492, 2942999, -866535]
[1094253, 1615075, 366246, 1095267, 2195227, 1094437, 4325744, 366624]
[1475235, 1261776, -55507, 1476495, 1592301, 1475364, 3712363, -55622]
[1766138, 81105, -1263480, 1767647, 197916, 1766244, 2322164, -1264756]
[1439323, 275313, -990276, 1440605, 605632, 1439466, 2744798, -991236]
[1096943, 1528026, 313292, 1097944, 2099440, 1097131, 4240218, 313615]
[1394493, 1484907, 213054, 1395688, 1862666, 1394635, 3993714, 213207]
[1760138, 292973, -1019457, 1761649, 415918, 1760259, 2549696, -1020509]
[1528591, 156606, -1092759, 1529941, 422551, 1528730, 2575718, -1093811]
[1114512, 1359572, 176005, 1115528, 1901166, 1114689, 4064536, 176199]
[1297079, 1645386, 423638, 1298212, 2069128, 1297251, 4227601, 424001]
[1715012, 522658, -749967, 1716474, 661440, 1715136, 2822518, -750772]
[1601971, 63117, -1159789, 1603379, 267983, 1602094, 2448505, -1160939]
[1137120, 1148261, 1246, 1138159, 1647175, 1137296, 3838922, 1253]
[1181008, 1723139, 559179, 1182074, 2190905, 1181179, 4374551, 559694]
[1624531, 716984, -496241, 1625942, 906504, 1624665, 3091539, -496793]
[1660326, -18912, -1195484, 1661781, 163285, 1660458, 2363706, -1196669]
[1207823, 889530, -201675, 1208926, 1376493, 1207998, 3587185, -201827]
[1119702, 1746708, 647578, 1120723, 2285412, 1119878, 4490775, 648204]
[1560396, 947757, -217169, 1561759, 1202313, 1560551, 3402578, -217457]
[1718360, 2278, -1153360, 1719873, 164724, 1718513, 2378448, -1154531]
[1284024, 677354, -394743, 1285192, 1124474, 1284203, 3348978, -395139]
[1058464, 1719858, 655654, 1059445, 2292032, 1058655, 4512869, 656289]
[1462489, 1173361, 26855, 1463762, 1464781, 1462636, 3682784, 26803]
[1735880, 98453, -1076769, 1737406, 204493, 1736016, 2436114, -1077868]
[1374778, 497655, -605129, 1376018, 836001, 1374947, 3090904, -605719]
[1045661, 1647987, 588527, 1046606, 2195845, 1045838, 4453268, 589120]
[1378149, 1369121, 250993, 1379347, 1700906, 1378292, 3950143, 251186]
[1734075, 210985, -936896, 1735594, 327149, 1734211, 2579151, -937866]
[1452443, 284787, -786723, 1453749, 596181, 1452609, 2864696, -787492]
[1029788, 1447344, 428062, 1030774, 2014894, 1029994, 4283299, 428506]
[1244743, 1479051, 400494, 1245870, 1888602, 1244909, 4141918, 400845]
[1651848, 316623, -801931, 1653281, 474569, 1651966, 2731556, -802791]
[1484328, 66639, -987892, 1485649, 350520, 1484459, 2625088, -988881]
[1018178, 1182789, 198909, 1019137, 1765694, 1018357, 4038126, 199111]
[1110853, 1530002, 509201, 1111866, 2036138, 1111029, 4290409, 509648]
[1548039, 461198, -614395, 1549402, 686556, 1548180, 2941644, -615082]
[1514178, -84814, -1120879, 1515541, 173263, 1514339, 2449424, -1122010]
[1034569, 905619, -51612, 1035536, 1463022, 1034751, 3751239, -51656]
[989813, 1560071, 584050, 990723, 2122406, 989986, 4399174, 584586]
[1428708, 634674, -412815, 1429981, 904404, 1428865, 3177327, -413295]
[1521073, -162377, -1199603, 1522444, 56709, 1521218, 2341543, -1200802]
[1062475, 649657, -313006, 1063483, 1159939, 1062644, 3453105, -313305]
[893226, 1541742, 580921, 894083, 2141459, 893423, 4425459, 581482]
[1312325, 822427, -209716, 1313506, 1148474, 1312493, 3422056, -209991]
[1532411, -186934, -1224722, 1533784, 14125, 1532551, 2294218, -1225959]
[1123943, 376524, -582386, 1125003, 848060, 1124120, 3137725, -582961]
[838512, 1464100, 521362, 839333, 2099478, 838703, 4378851, 521874]
[1200274, 1012136, -14555, 1201374, 1390269, 1200438, 3651538, -14638]
[1509593, -107739, -1169739, 1510933, 73138, 1509724, 2333202, -1170947]
[1180938, 144240, -814344, 1182009, 583954, 1181097, 2852350, -815153]
[821945, 1276016, 395356, 822724, 1981717, 822134, 4241970, 395739]
[1105168, 1120441, 165320, 1106169, 1617998, 1105341, 3859501, 165427]
[1466334, -4287, -1047259, 1467641, 212956, 1466466, 2447410, -1048344]
[1225199, -24839, -1028986, 1226339, 338533, 1225354, 2577541, -1030002]
[815203, 1164609, 199923, 815991, 1778341, 815382, 4015901, 200138]
[1003159, 1323184, 310359, 1004073, 1794374, 1003306, 4026901, 310618]
[1394271, 136524, -886299, 1395518, 383461, 1394394, 2609259, -887244]
[1253966, -254221, -1233741, 1255133, 84005, 1254124, 2312606, -1234977]
[840243, 866138, -55705, 841094, 1468908, 840458, 3718636, -55743]
[934796, 1371598, 446725, 935689, 1927686, 934973, 4190804, 447115]
[1237260, 209048, -766194, 1238363, 470350, 1237354, 2743083, -767028]
[1022053, -679509, -1621525, 1023021, -413957, 1022173, 1871979, -1623144]
[662312, 359274, -505631, 663014, 917812, 662543, 3224919, -506121]
[941923, 1497970, 609779, 942828, 2082236, 942147, 4380184, 610362]
[1331298, 615478, -360202, 1332474, 870499, 1331401, 3171914, -360631]
[1004260, -741047, -1708091, 1005196, -594641, 1004349, 1738572, -1709809]
[629901, 49667, -820803, 630584, 493046, 630148, 2855824, -821597]
[1166856, 1780034, 925467, 1167928, 2363973, 1167106, 4713436, 926421]
[1693946, 1268023, 333178, 1695384, 1605524, 1694028, 3891491, 333442]
[1128207, -629788, -1571757, 1129217, -448939, 1128221, 1832293, -1573372]
[452376, -402756, -1297397, 452893, -30005, 452584, 2313304, -1298679]
[983574, 1627762, 733027, 984484, 2179489, 983843, 4522698, 733815]
[1768226, 1740379, 750664, 1769673, 2059326, 1768289, 4345918, 751388]
[1280999, -173498, -1264861, 1282071, -124894, 1280890, 2130389, -1266188]
[348901, -593827, -1630511, 349314, -355276, 348876, 1949849, -1632131]
[687999, 1360572, 414989, 688698, 1892831, 688283, 4260668, 415464]
[1618252, 2068539, 1057974, 1717981, 2306754, 1716674, 4780551, 1058984]
[235312, -42058, -1176616, 1810626, -207004, 1809064, 2309972, -1177896]
[-1251608, -1620876, -2640947, 287943, -1715911, 287633, 910048, -2847614]
[813322, 395293, -78186, -737264, 654118, -732434, 3366471, -1660096]
[2898833, 2328116, 1973858, 620949, 2551118, 592071, 5147745, -422151]
[1387235, 647172, 82251, 2129069, 603568, 1371194, 3141313, -1980597]
[-933726, -1620175, -1955254, 1304921, -1427759, 743856, 376276, -3877479]
[-216177, -172121, -58007, 211688, 1000999, 112273, 735860, -2315526]
[1249210, 2883946, 3240601, 1834051, 4121668, -832663, 2623686, 342520]
[2386936, 2048839, 2628986, 2197231, 1789901, -681727, 1541614, -764707]
[4480435, -2289171, -383966, -465451, -2194600, 208484, -1431242, -3273280]
[4142584, -2397486, 430644, -966731, -681256, 155057, -1138982, -2448316]
[1886829, 718814, 4005634, 1974907, 3986621, -719800, 1869909, 717028]
[1911543, 478443, 4099119, 3171015, 3049382, -761927, 2066011, 441746]
[4121251, -2708306, 876856, 536049, -1834356, 94476, -734390, -2767737]
[4411574, -3006416, -365012, 213956, -1146502, 269001, -2303909, -2990452]
[2241766, 1007059, -1049503, 5306994, 5785903, 604887, -3442950, 1102204]
[1681866, 2456794, -1960131, 4663205, 7575509, 2442793, -3119737, 2501253]
[3535974, 864599, -3093785, -5510537, 6026975, 3356860, -1594804, 872381]
[4225701, -653111, -3571115, -7971062, 5567534, 3641794, -1207701, -490284]
[2503326, -948645, -2412589, 2054729, 6981398, 3097392, -1826478, -472712]
[1612090, -798270, -2067697, 8018153, 7727368, 2799549, -1824500, -738498]
[3327442, -282456, -2519328, -1475886, 6853628, 3462054, -1209144, -465479]
[5599547, 1174257, -282466, -6640101, 7840116, 5009712, -655320, 1453053]
[3534418, -227530, -909011, 2190138, 8388607, 3945696, -1708067, 603293]
[-8261, -3190208, -4036403, 3481177, 6062699, 1140569, -4250975, -2731883]
[1249386, -2504071, -3853482, -4127912, -2480646, 1197379, -3701957, -2130494]
[4255855, -193094, -1796604, -7518502, -7078159, 2373152, -1606482, 1064436]
[3306891, -650962, -1856199, -541589, 755825, 1592890, -1805195, 1544338]
[-743952, -3841658, -4832972, 467383, 2186936, -1070819, -4835388, -1073662]
[-2269744, -3368724, -4484452, -2026702, -737618, -1943754, -4487208, -1945534]
[-2970029, -513775, -1693927, -1348771, -386716, -1340649, -1694872, -1350670]
[-1055927, -980971, -2120478, -809434, 82395, -812494, -2121758, -910434]
[1468153, -3586025, -4674925, -1245688, 1932691, -1222595, -4677869, -1242282]
[2257466, -4133468, -4705117, -3285146, -899239, -2815549, -4708039, -2685564]
[5010903, -2503932, -2529154, -5805292, -6882862, -4980328, -2530607, -4353603]
[3996371, -2271061, -2315240, -5101384, -2231877, -5269507, -2316622, -5430435]
[5480298, -4480195, -4638162, -6337402, 6942427, -6379552, -4641039, -6461199]
[-638615, -5563875, -5391145, -6193662, 8388607, -5967417, -5394161, -5976138]
[-8143120, -5554207, -4559827, -7107662, 8388607, -7096377, -4565547, -7093379]
[-8295956, -5400979, -4368286, -7396819, 8388607, -8388608, -4373946, -8388608]
[1622405, -4797503, -5233867, -8050691, 8388607, -8388608, -5242073, -8388608]
[7265559, -4519272, -5814789, -8388608, 8388607, -8388608, -5830129, -8388608]
[-3517510, -4994241, -4999342, -7759600, 8388607, -8388608, -4999913, -8388608]
[-8388608, -5219097, -4269164, -7218202, 8388607, -8388608, -4270578, -8388608]
[-429692, -5032969, -5005554, -7891854, 8388607, -5076842, -5008672, -8388608]
[4263958, -5464924, -5793943, -8388608, 8388607, 2666634, -5797541, -8388608]
[-4705376, -5075314, -5131627, -7855305, 8388607, -4707599, -5134778, -8388608]
[-8388608, -4771369, -4511714, -7156862, 8388607, -8388608, -4513935, -8388608]
[-3616419, -5018359, -4982277, -7727850, 8388607, -6235473, -4985488, -8388608]
[4578074, -5466643, -5793146, -8388608, 8388607, 3169304, -5795693, -8388608]
[-2863282, -5205516, -5312646, -8013267, 8388607, -2551251, -5313602, -8388608]
[-8388608, -4713862, -4424669, -7150792, 8388607, -8388608, -4417182, -8388608]
[-6149510, -4946459, -4765536, -7545904, 8388607, -7558722, -4761651, -8388608]
[3935774, -5429123, -5662026, -8388608, 8388607, 1820979, -5711585, -8388608]
[-1112007, -5341731, -5473724, -8209317, 8388607, -86519, -5618620, -8388608]
[-8388608, -4757399, -4371759, -7265027, 8388607, -8349442, -4640272, -8388608]
[-5233567, -4618216, -4522897, -7425222, 8388607, -8388608, -4883400, -8388608]
[6395666, -4044979, -5398692, -8254503, 8388607, -8388608, -6144359, -8388608]
[2867788, -4342497, -5396619, -8010092, 8388607, -4996561, -5643884, -8388608]
[-7817465, -4639070, -4817348, -8388608, 8388607, -5829994, -4121981, -8388608]
[-8197192, -4502716, -4895115, -8388608, 8388607, -8165999, -4078779, -8388608]
[-8138, -5311966, -5761036, -8388608, 8388607, -6981, -5034829, -8388608]
[2011313, -5476684, -5972301, -8388608, 8388607, 2139448, -5230681, -8388608]
[-5757684, -4509774, -6864514, -8388608, 8388607, -5649593, -4216161, -8388608]
[-7671125, -4226711, -8264827, -8388608, 8388607, -7766082, -3923496, -8388608]
[-686929, -5237681, -7485512, -8388608, 8388607, -792959, -4855627, -8388608]
[1319436, -5735892, -6995574, -7305366, 8388607, 1471530, -5269145, -7126598]
[-2109421, -3662868, -4969383, -7296672, 8388607, -2099186, -3164551, -3782776]
[-1770472, -1841635, -2976927, -6174382, 6898199, -1770110, -1318998, -1695641]
[1179946, -3777529, -3696996, -4076772, 3334539, 1180049, -3355071, -4657707]
[1107087, -5740242, -3921241, -3384395, 1358730, 1106972, -5472172, -7017122]
[-543427, -3939308, -1589052, -3579429, -1052394, -543271, -3658234, -4164859]
[-881096, -1631215, 409266, -3404499, -1345243, -880803, -1266887, -1428396]
[357836, -3197109, -1075954, -2798192, 306541, 358413, -2884234, -4115076]
[648423, -5168172, -3485067, -2569682, 148161, 654482, -5546436, -7315204]
[-678201, -1900602, -2163232, -2510912, -1799765, -669516, -4174981, -4891239]
[-1082028, -999956, 262939, -2460950, -2239302, -1085910, -1424339, -1389079]
[-705844, -1760932, -1365073, -3165199, -359336, -806659, -3317673, -4414344]
[99191, -1201631, -5577568, -3881788, 430394, 59442, -8165729, -8388608]
[395781, 375678, -4701594, -3033654, -2393624, 396023, -7454145, -8388608]
[1601916, 2092323, 349315, -297752, -3764799, 1602200, -1724742, -3329611]
[683404, 629302, -7229, -1085330, -1640362, 680719, -1768274, -1895354]
[-418274, -5204611, -5744951, -6277211, -61298, -419489, -7543734, -8260640]
[-755724, -5949892, -6503404, -7051356, -1956642, -708650, -8383676, -8388608]
[-573847, -1210722, -1117519, -2163481, -3600484, -222016, -3163362, -4790590]
[-2579839, 1039031, 471029, -644777, -2251104, 1248022, -1132697, -911861]
[-6128521, -287715, -3103167, -3878544, -1679582, -77888, -5127122, -6748646]
[-1457213, -2078927, -3963656, -4645431, -2008391, -2047384, -6115289, -7719747]
[1005183, 928674, -198435, -1152311, 897394, 928031, -2125199, -3203229]
[112457, 113600, 791086, -258980, 113033, 113343, -963686, -1682767]
[-4554501, -4552099, -3513754, -4300351, -4552874, -4552284, -5467831, -6357674]
[-4513706, -4515894, -5140789, -5800238, -4515399, -4514416, -7278911, -8388608]
[1056239, 967243, -814694, -1724799, 952562, 957363, -2720889, -3425129]
[2877711, 1700308, 1671766, 582252, 1500351, 1554346, 108755, 1130989]
[-1596704, -3514767, -2261881, -3112734, -3618858, -3995144, -4140743, -3692394]
[-2680870, -5405364, -5122642, -5772056, -5348494, -5575982, -6978919, -5602946]
[-1167392, -1276241, -1875696, -2714850, -1296752, -1274379, -2119576, -1277801]
[917273, 891178, 1277749, 510661, 811300, 885318, 890553, 879729]
[-2463639, -2477181, -1538897, -2336104, -1815950, -2609964, -2771300, -2797817]
[-5395724, -5383704, -5174519, -5377774, -4859562, -5453474, -6562709, -5567494]
[-1513023, -1544275, -3539749, -1521564, -5137005, -1512383, -2272452, -1539894]
[3280244, 3261076, -1392543, 3282973, -4247888, 3279688, 3129389, 3275998]
[-579136, -578632, -663562, -579673, -1817473, -579331, -580155, -580462]
[-4475741, -4476217, -54630, -4478802, -4477984, -4475504, -4480370, -4481997]
[-3029441, -3030014, -164869, -3031352, -3035184, -3028726, -3032281, -3033357]
[-44327, -44474, -374738, -44248, -55218, -44029, -44125, -44314]
[-1194484, -1194501, 64381, -1195386, -1196597, -1194671, -1195587, -1196464]
[-4191450, -4191884, 157983, -4194275, -4191910, -4191314, -4195840, -4197387]
[-3755006, -3755616, -353883, -3757404, -3755189, -3754418, -3758722, -3760018]
[-1373345, -1373657, -862256, -1374179, -1373507, -1372944, -1374626, -1375171]
[-1597490, -1597608, -746539, -1598636, -1597926, -1597513, -1599247, -1599944]
[-4034157, -4034482, -467822, -4036853, -4034594, -4033986, -4038364, -4039845]
[-4307113, -4307434, -1038345, -4309626, -4307062, -4306298, -4311131, -4312651]
[-2438228, -2438598, -1665441, -2439754, -2438364, -2437693, -2440532, -2441455]
[-2307666, -2307889, -1080367, -2309269, -2307823, -2307564, -2310089, -2311041]
[-4449587, -4450008, -204991, -4452609, -4444943, -4449468, -4454271, -4455904]
[-5145156, -5145811, -847384, -5148503, -5143379, -5144624, -5150330, -5152131]
[-3454109, -3454597, -2121076, -3456336, -3454276, -3453503, -3457459, -3458704]
[-2607312, -2607599, -2502044, -2609132, -2607647, -2607077, -2609987, -2611008]
[-3770437, -3770811, -3733431, -3773135, -3770930, -3770297, -3774384, -3775788]
[-4571697, -4572248, -4557626, -4574885, -4589784, -4571305, -4576342, -4577977]
[-3710156, -3710647, -3695521, -3712651, -4623486, -3709647, -3713802, -3715162]
[-2939074, -2939402, -2940116, -2941086, -5049244, -2938804, -2942029, -2943160]
[-3900527, -3900962, -3902094, -3903303, -4724916, -3900368, -3904591, -3906045]
[-5000472, -5001088, -5002384, -5003968, -4741113, -5000071, -5005567, -5007347]
[-4566523, -4567159, -4568209, -4569682, -4545784, -4565976, -4571092, -4572708]
[-3748671, -3749149, -3750073, -3751269, -3748988, -3748226, -3752447, -3753811]
[-4080263, -4080720, -4081890, -4083169, -4080701, -4079982, -4084483, -4085961]
[-4857986, -4857062, -4859954, -4861442, -4858430, -4857616, -4863007, -4864692]
[-4596285, -4589334, -4598028, -4599517, -4596624, -4595804, -4600968, -4602561]
[-3765109, -3764333, -3766491, -3767721, -3765397, -3764672, -3768898, -3770269]
[-3740947, -3741303, -3742355, -3743549, -3741326, -3740646, -3744754, -3746137]
[-4319657, -4320194, -4321297, -4322683, -4320040, -4319333, -4324062, -4325634]
[-4228656, -4229262, -4230206, -4231575, -4228952, -4228209, -4232908, -4234439]
[-3469292, -3414320, -3470614, -3471678, -3469534, -3468860, -3472754, -3474044]
[-3317840, -1903554, -3319282, -3320232, -3318209, -3317619, -3321299, -3322552]
[-4186416, 74878, -4194306, -4195522, -4185774, -4185129, -4196889, -4190956]
[-4268374, -1761171, -4295815, -4297064, -4265585, -4264271, -4298426, -4253537]
[-4474856, -4362987, -4467692, -4469019, -4474452, -4473394, -4470444, -4463202]
[-4078906, -4079404, -4080428, -4081657, -4079061, -4078299, -4082881, -4084437]
[-1821818, -1822007, -1825040, -1824546, -1821397, -1821411, -1823751, -1827476]
[-2544246, -2544431, -2546619, -2546726, -2544184, -2543912, -2546827, -2549289]
[-3129555, -3129856, -3130885, -3131756, -3129913, -3129301, -3132775, -3133964]
[-3897831, -3898292, -3899422, -3900560, -3898158, -3897461, -3901794, -3903206]
[-2767010, -2767472, -2768025, -2768817, -2767154, -2766408, -2769664, -2770660]
[-1050764, -1050947, -1051184, -1051394, -1050990, -1050473, -1051736, -1052234]
[-1855257, -1855419, -1856177, -1856619, -1855723, -1855286, -1857256, -1858067]
[-3667242, -3667640, -3668776, -3669848, -3667683, -3667005, -3671031, -3672393]
[-3062646, -3063110, -3063766, -3064686, -3062839, -3062072, -3065616, -3066729]
[-1117343, -1117545, -1117775, -1118031, -1117496, -1116981, -1118360, -1118854]
[-1420468, -1420586, -1421208, -1421509, -1420873, -1420451, -1422017, -1422644]
[-3328429, -3323927, -3325047, -3325969, -3324065, -3323441, -3327078, -3328323]
[-4365511, -3065984, -3066627, -3067538, -3065817, -3064916, -3068458, -3069791]
[-5061704, -659597, -659577, -659709, -659502, -658931, -659862, -660239]
[-2765022, -789061, -789469, -789609, -789385, -789006, -789871, -790131]
[-1983820, -3076181, -3077286, -3078179, -3076444, -3075855, -3079187, -3080311]
[-4764056, -3150017, -3150660, -3151648, -3149786, -3149002, -3152572, -3153742]
[-4775465, -932567, -932537, -932796, -930291, -931837, -933002, -933455]
[-557689, -773934, -774266, -774427, -771884, -773852, -774653, -775135]
[1743313, -3130466, -3131654, -3132598, -3130839, -3130253, -3133582, -3134850]
[-659637, -3823759, -3824751, -3825996, -3823554, -3822836, -3827118, -3828522]
[-5935212, -1115524, -1115419, -1115805, -1031858, -1114649, -1116077, -1116535]
[-4673004, -48722, -48859, -48786, 487268, -48762, -48779, -49016]
[4288143, -3391374, -3392656, -3393581, -1493940, -3391132, -3394751, -3396102]
[7526260, -5251609, -5252808, -5254411, -4110784, -5250222, -5256094, -5257887]
[-2071599, -2393206, -2393519, -2394189, -2779020, -2392163, -2394946, -2395777]
[-8388608, -1378927, -1379780, -1380062, -1440888, -1378642, -1380051, -1381109]
[-2135686, -2623064, -2628021, -2628722, -2572147, -2624259, -2625411, -2630544]
[7908268, -3343986, -3218814, -3230627, -3454026, -3358068, -3352282, -3248050]
[4464756, -1201012, 1989325, 591113, -1713865, -1022581, -1210080, 466105]
[-4364850, -661341, 4127203, 839, -1764695, -931331, 197771, -59669]
[5462598, -5567025, -2414419, -7160156, -6480194, -6889369, -2614387, -7164771]
[8388607, -7611600, -6144476, -7998716, -7694894, -7809341, -6883535, -8004852]
[8388607, -5235826, 45829, -5001053, -5175467, -5145766, -4886938, -5004615]
[8388607, -3313983, 4596938, -3082596, -3228429, -3178504, 2436525, -3084729]
[8388607, -2992545, 1978463, -4378079, -2991228, -2991771, 1986490, -4381372]
[8388607, 3866236, -1278824, -6119299, 3870114, 3869688, -1284489, -6125226]
[8388607, 8388607, 2361069, -2435623, 8388607, 8388607, 1211827, -2437495]
[5702263, 7456981, 5385246, 603983, 7460505, 7459730, 4120727, 604129]
[2894479, 6045890, 2263744, -2642042, 5983499, 5935202, 2545778, -2644129]
[8083540, 8337020, -2282261, -6264538, 8248573, 8121081, -469768, -6269788]
[8388607, 8388607, 270512, -3580375, 8388607, 8388607, 605723, -3610353]
[7414431, 7164273, 5620717, 874023, 7617622, 7416638, 5492363, 590567]
[5349541, 4798909, 4325882, -941446, 5422101, 5350046, 6077269, -1018873]
[8120488, 7329534, -2740217, -5046894, 8123864, 8123375, 7863668, -5050429]
[8388607, 8388607, -1638313, -3086690, 8388607, 8388607, 8388607, -3088708]
[8388607, 8388607, 6427229, 3738393, 8388607, 8388607, 8388607, 3741835]
[2582781, 5665946, 8388607, 3310465, 3267448, 3163199, 6141881, 3435249]
[3279074, 5049493, -780353, -4477612, 1719950, 2186654, 5557208, -4038627]
[3818344, 6159906, -7817914, -5668756, 2795394, 1360423, 6919547, -4372839]
[-1201974, 5352299, -1362740, -779833, 8246968, -643804, 6305328, -655615]
[-2277124, 4286115, 2701094, -2097436, 8388607, -2524363, 3880203, -2112554]
[802108, 8201160, 1121211, -429514, 8388607, 960954, 6056387, -394261]
[4095135, 8388607, 2015805, 2688864, 8388607, 4538950, 8388607, 2736996]
[2984909, 8388607, 5127181, 1578296, 8388607, 3802316, 6536908, 1006594]
[-5692243, 8388607, 4102151, -1126056, 8388607, -5576152, 3883066, -1526091]
[-3819031, 8388607, 533309, -3589504, 6249037, -3816108, 3743938, -3662634]
[-961282, 8388607, -1013819, -2215324, 1084978, -959477, 2237375, -2926714]
[-380329, 8388607, 1968428, -333541, -139662, -386031, 2024868, -2043072]
[-2050276, 8388607, 4227098, -2051662, -234582, -2053031, 4232349, -3784238]
[-1750947, 8388607, 3324870, -1751941, -21147, -1753066, 4882531, -1986117]
[3235829, 8388607, 1819501, 3238228, -9807, 3236533, 6890704, 3211459]
[4033103, 8388607, 4430045, 4016742, 3185, 4035294, 5100474, 3992418]
[584714, 8388607, 4651398, 435078, 1899, 586762, 4360713, 330903]
[-811, 8388607, 4467695, -29629, -1062, -642, 4465961, -41719]
[-1044, 8388607, 4195993, -8401, -1254, -454, 4199151, 5287]
[-732, 8388607, 4287141, -23106, -1002, -17332, 4290025, -17990]
[117, 8242240, 4512261, -46557, -314, -36227, 4515292, -46774]
[657, 5218046, 4361052, -11746, 411, -546, 4363980, -11664]
[517, 1015347, 3517933, -29202, 427, 728, 3503602, -24776]
[-2, 125614, 1305523, 6339, 294, 609, 1239753, 18715]
[-513, 65089, 40335, 3775, -645, -294, 32847, 4396]
[-897, 7018, 17803, 98, -1837, 297, 5046, -79]
[-1250, -109, 15686, 3000, -3343, 2644, 6376, 2953]
[-924, -1215, 1744, 1761, -1192, -393, 1843, 1320]
[-614, -441, -359, -264, -786, -449, -263, -456]
[-756, -709, -739, -642, -934, -603, -641, -794]
[-1059, -1048, -1031, -942, -1230, -901, -927, -1094]
[-943, -981, -909, -831, -1155, -774, -802, -977]
[-634, -653, -625, -526, -858, -464, -513, -666]
[-688, -872, -679, -572, -889, -521, -566, -718]
[-836, -82708, -814, -711, -1201, -662, -684, -860]
[-1172, -143227, -1141, -1038, -1808, -994, -1016, -1197]
[-1752, 1993659, 5498, 5556, -1961, -1557, 5568, -1904]
[-804, 4507174, 11282, 11285, -973, -637, 11291, -1117]
[-170, 2978901, 88, 173, -375, -10, 204, -196]
[-916, 862623, -857, -769, -1129, -754, -736, -944]
[-1606, 2235138, -2333, -2239, -2706, -2204, -2206, -2402]
[-948, 4576061, -1240, -1119, -1554, -1105, -1092, -1286]
[-306, 3613610, -293, -168, -12245, -153, -133, -347]
[-732, 1213751, -1679, -1567, -84147, -1537, -1545, -1738]
[-1404, 1615583, -1764, -1634, -18782, -1589, -1623, -1803]
[-1077, 3780092, -3989, -3870, -4227, -3828, -3857, -4034]
[221, 3231878, -1817, -1700, -454108, -1676, -1699, -1858]
[460, 384361, 461, 553, -2900651, 568, 582, 419]
[-2184, 305750, -2779, -2706, -3305063, -2627, -2659, -2833]
[-2773, 3652384, -3281, -3200, -401638, -3077, -3168, -3293]
[36, 4452831, -2044, -2274, 275580, -542, -1941, -715]
[15, 1828182, -19380, -19658, -2399476, -18103, -19299, -18314]
[-1202, 872406, -236266, -236287, -3345627, -236001, -236299, -236532]
[-5909, 4584640, 381415, 255489, 174047, 255499, 380412, 255569]
[-591, 8242699, 1818767, 609623, 3344393, 609149, 1824232, 609817]
[1361, 7282531, 1125476, -14419, 159324, 5762, 1272721, 5603]
[-6784, 6256970, -287022, -69487, -3741662, -3946, -57822, -9927]
[-4760, 5958906, 2270734, 256909, 822030, 263285, -695798, 256850]
[-67554, 4767359, 7925392, 88523, 8096454, 34506, -2233798, 34367]
[-43641, 4561763, 7559341, -248568, 6428509, -225170, -2514024, -229625]
[4165980, 5787874, 1402171, 1788689, -1699817, 3762984, -5177, 3587454]
[5662143, 5419188, 1730610, 2548705, -185998, 5632161, 1213493, 5562285]
[3972236, 4356504, 7989513, 6043189, 7590528, 4270543, 3496321, 4311669]
[4365930, 4856603, 8388607, 5688923, 7072707, 4750581, 5687839, 4857148]
[4049698, 4101588, 1143568, 5228478, 1846853, 4035120, 6407399, 4014991]
[900602, 1551704, -1135034, 4978480, 1608221, 1110158, 6050834, 1299178]
[-4988, 180408, 6933094, 5154046, 1098066, 35503, 4412046, -936802]
[-492, 7086, 8388607, 4284624, -243376, -411, 3536694, -1725867]
[2497, -2539, 3557018, 1674969, 12876, 2483, 4387831, 785368]
[-56, -3901, -6449272, 1828984, 118407, 83, 3264821, 1427400]
[-4726, 4751, 2590199, 1209515, -16832, -2504, 1921414, 954843]
[-2734, 38813, 8388607, 208463, -98374, 38175, 949858, 97167]
[3259, -115171, 5002814, -835371, 1181, -1154, 1436570, -797252]
[-2469, 360373, -6119915, -1443487, -336029, 75253, 2765014, -747841]
[3328, 939926, -122, -216981, -2705297, -264107, 2523581, -298492]
[-755, -30576, 8388607, 7530264, -653352, -67309, 213651, 65079]
[3703, -217219, 6438258, 3375562, -73424, 11668, 10452, -20961]
[-1377, -568077, -4434202, -85691, -151896, 29191, 40155, -104597]
[-5873, -287746, -757015, -24327, -19864, -2527, -44037, -19986]
[-772, -7707, 8158901, -5170, -1260, -875, -765411, -2407]
[-954, 22439, 8388607, -148812, -1639, 22614, -615364, -4836]
[-132, 87819, 6777079, -186146, 2134, 84154, 526588, -24255]
[69, 60300, 3810769, 285299, -7314, 52977, 1030248, -34819]
[361, 16146, 1065299, 1426543, -11685, 16311, 435933, -12759]
[228, 874, -25871, 186898, -774, 835, 4942, -1164]
[498, 664, -129414, -5749990, 272, 1034, 1481, 270]
[-872, 2185, 122409, -8388608, -1066, 3178, 18942, -4957]
[-329, 213, 677751, -8388608, -540, 411, 44775, -1501]
[-4384, -5892, -232487, -8388608, -4395, -5234, -70789, -4434]
[-3020, -3017, -1842357, -8388608, 2954, -2521, -315916, -1813]
[-24907, -16714, 203914, -8388608, -82616, -15934, 626936, -25525]
[-856604, -698311, 3909933, -5414451, -1210608, -697202, 3912470, -860120]
[-1675282, -1237460, 4548520, -3119017, -2264408, -1242904, 4555675, -1680102]
[-375691, 141335, 1018089, -5178297, -950376, 73899, 1297206, -372906]
[806180, 1274318, -782862, -7433416, 785892, 1225011, -831201, 855463]
[-1664350, -1525471, -376431, -7603945, -1607806, -1520389, -2097714, -1643591]
[-4394934, -4387367, -3247854, -8388608, -4394004, -4380474, -4386497, -4400927]
[-1452754, -1679921, -1664945, -6832344, -1451857, -1452298, -1441682, -1454199]
[3095046, 2623498, 1216676, -3507111, 3096908, 3095656, 3120394, 3099606]
[-480179, -515219, -601845, -4455829, -480835, -469582, -422677, -481417]
[-5885407, -5885122, -5446416, -5230712, -5885865, -5884506, -5885811, -5893495]
[-1759337, -2122749, -2119014, -3007904, -1758976, -2120842, -2124059, -1760990]
[5475751, 3884901, 3885937, -682700, 5477493, 3884863, 3888811, 5483491]
[3035746, 2694842, 2613455, -1340469, 3095937, 2688151, 2617600, 3039761]
[316282, 639990, 444924, -1992727, 353544, 575116, 456339, 316539]
[90223, -63271, 830853, -1229542, 105768, -15557, 829390, 97788]
[5745, -424710, 1109823, -195701, 1809, -345968, 1100510, 12550]
[-619, 44301, 157612, 25404, 3762, 28533, 155653, -2293]
[-1836, 102316, 15362, 15476, 28208, 17706, 15486, -12084]
[-1139, 33904, 2935, 3048, 4440, 1977, 3061, 3773]
[-1064, 5887, -1382, -1304, -1310, -940, -1179, 4087]
[-769, -817, -1337, -1476, -964, -601, -917, -1519]
[-634, -673, -692, -602, -822, -464, -507, -717]
[-947, -994, -939, -839, -1150, -784, -691, -967]
[-1132, -1224, -390, -1069, -1362, -997, 1443, -1166]
[-878, -959, 1593, -821, -1109, -744, 2374, -904]
[-766, -856, 110011, -693, -994, -639, 110164, -792]
[-841, -936, 305884, -763, -1073, -711, 306111, -864]
[-1007, -1394, 58618, -920, -2212, -847, 58754, -1012]
[-913, -1630, -923, -817, -3404, -749, -816, -910]
[-614, -682, -619, -507, -926, -433, -517, -630]
[-834, -876, -833, -717, -1026, -656, -726, -851]
[-1126, -1174, -1124, -1009, -1306, -963, -998, -1129]
[-980, -1017, -982, -864, -1164, -823, -844, -987]
[-676, -708, -667, -554, -864, -502, -553, -673]
[-788, -809, -769, -656, -960, -597, -656, -784]
[-1094, -1102, -1022, -975, -1269, -909, -897, -1098]
[-1036, -1071, -946, -927, -1234, -856, -821, -1048]
[-701, -770, -606, -577, -941, -537, -484, -709]
[-731, -799, -684, -582, -957, -573, -553, -732]
[-611, -25736, -25685, -25592, -25880, -25524, -25569, -25746]
[693, -416676, -416821, -416847, -416869, -416489, -417546, -417280]
[-1510, -529829, -529923, -529994, -529927, -529477, -543482, -530466]
[-959, -111126, -111118, -111031, -111257, -110886, -116708, -111231]
[770, -436296, -436488, -436498, -436523, -436156, -436613, -436934]
[-960, -1222089, -1222454, -1222731, -1222174, -1221692, -1223120, -1223651]
[-2851, -342594, -365401, -342533, -342577, -342144, -365538, -342838]
[-299, -346, -398544, -165, -493, -136, -398685, -297]
[-1029, -1055, -649117, -882, -1202, -824, -649364, -1026]
[-1605, -1214, 32304, -1491, -1809, -1445, 41274, -1626]
[-591, 3593, 399167, -464, -697, -466, 313346, -596]
[153, 19138, 71781, 8941, 8744, 8940, -1548490, -686]
[-842, 154268, 23362, 146309, 145905, 146246, -3162805, 89293]
[495, -641406, -207369, -642527, -642371, -642036, -2068472, -654052]
[-3178, -799690, -173276, -799995, -799541, -799189, -273341, -878606]
[-1662, 697534, -122072, 698230, 697580, 697800, -941471, 103893]
[-58, 1268773, -442649, 1269006, 1267800, 1268010, -2808659, 34717]
[495, 96733, -482262, 88138, 87749, 88001, -2202629, 366]
[-1699, -639255, -395125, -877133, -869063, -876368, -348177, -2275]
[-2318, 1439116, -35192, -131203, 106738, -130973, -740240, -2229]
[-253, 2789482, 221803, 242114, 1442338, 242139, -2711283, 47756]
[808, 792031, -50706, -462956, 35254, -462153, -2558369, 336469]
[-1876, -672300, -401713, -1491332, -1532979, -1490203, -694929, 174921]
[-6034, 2389379, 401299, -1401649, -1403202, -1407456, -627601, -26620]
[-1084, 5632421, 1614365, -790012, -141451, -795414, -2571966, -701980]
[18525, 3514628, -655241, -2292633, -1075599, -2198386, -3358365, -469477]
[8650, 2400259, -7380991, -7611442, -6950435, -7497661, -5968472, -2637181]
[-6902, 2498935, -6684306, -6680301, -8388608, -8388608, -8388608, -4699678]
[-9518, 3199095, 5008863, 5009608, -8388608, -8388608, -8388608, -881587]
[2241, 3505818, 7781533, 8388607, -8388608, -8388608, -8388608, 4587478]
[15023, 3227190, -2625592, 5548768, -8388608, -8388608, -8388608, 2334228]
[3865, 3365926, -6364747, 1237883, -8388608, -7716472, -8388608, -1291187]
[9974, 2911663, 3214449, 560931, -8388608, -3230173, -8388608, -686321]
[3579, 1750216, 4397141, -396945, -8388608, -1758342, -8388608, 46504]
[-12413, 2750195, -3438797, 406414, -8388608, 487145, -8388608, 1058823]
[-5719, 4419799, -4173761, 1878154, -8388608, 623113, -8388608, 1340953]
[3498, 3447226, 2627562, 1105333, -8388608, -118445, -8388608, -645456]
[1780, 1516773, 4405294, -606779, -8388608, -90914, -8388608, -3358929]
[-616, 2232796, -482365, -79354, -8388608, -1831, -8388608, -3672962]
[-2478, 4139391, -2754301, 1559538, -8388608, -2286, -8388608, -3372354]
[-3471, 3869566, 2505874, 1443195, -8388608, -3278, -8388608, -799959]
[721, 2238203, 6506863, 66409, -8388608, 643, -8388608, 2598552]
[6494, 1572000, -975050, -3282733, -8388608, 6721, -8388608, -601701]
[-4193, 2099723, -8388608, -8388608, -8388608, 2102, -8388608, -6988726]
[-71943, 2115896, -5350572, -8146217, -8388608, -27972, -8388608, -8388608]
[41751, 537233, 825164, -5333209, -8388608, 134778, -8388608, -8338998]
[173107, 1081144, -908602, -3231396, -8388608, 1067781, -8388608, -2531880]
[-387144, 3232923, -3151339, -2808473, -8269582, 3155925, -6593529, 1654434]
[-159504, 1296194, -2392857, -5164619, -8388608, 1261536, -6399869, -3602301]
[112914, -31546, 639063, -4524880, -8388608, -33169, -5706058, -4751499]
[18464, 88497, 2734933, -559693, -8388608, 24017, -809364, -390012]
[-19854, 138864, 3381543, 32869, -8388608, 30304, 37640, 54011]
[-1172, -132557, 4436833, 9699, -8318736, -4752, -427057, 9969]
[756, -1497985, 5370917, -37, -8388608, -13066, -2740875, 12625]
[-1204, -2353931, 4916683, 199579, -8388608, -159, -3943402, -297]
[-3544, -302098, 3574496, 1240273, -8388608, 20240, -1055088, -3445]
[-967, 1258931, 3611502, 1626183, -7998865, 9363, 1610179, -1719]
[1648, -596962, 5289418, -26801, -8388608, 1701, -236161, -5160]
[-266, -2333657, 5516765, -1611209, -8388608, -199, -2077634, -30532]
[-3044, -841646, 3499549, -384676, -8388608, -2930, -574198, -8648]
[-1827, 1129531, 3044219, 1448237, -8064281, -3934, 1421451, -2000]
[1366, -169591, 4959736, 451546, -8388608, -110517, 319894, -8863]
[-237, -2183387, 5785841, -1210959, -8388608, -97026, -1223031, 27685]
[-3385, -1029619, 4287061, -240017, -8388608, 210065, -35105, 1483277]
[-343, 927894, 3238613, 1463741, -8173072, 94121, 448855, 1034261]
[2277, -214382, 5048846, 483018, -8388608, -1294990, -1065263, -1824416]
[-2408, -2341636, 6500395, -1371946, -8388608, -1184231, -1133304, -3188566]
[-4506, -1233814, 4596016, -208452, -3845662, -102404, 896906, -467280]
[-3061, 1146612, 2037128, 1831649, 591653, -2849, 1698056, -8029]
[-2652, 1284243, 2909261, 1252357, 6127700, -5679, 2910305, 22471]
[397, -4720, 3803364, 917644, 8388607, -12727, 3804433, 98534]
[2039, -248367, 868451, 491940, 5775990, -3239, 868451, 19087]
[-1157, -860345, 4522, 4549, 2094939, -767, 4644, 2770]
[-2601, 1025684, -2476, -2397, 4066900, -2394, -2328, -2506]
[-905, 3253689, -126, -14, 6106206, -753, 54, -148]
[-99, 2797221, 93, 201, 4422318, 38, 272, 55]
[-1299, 4411689, -1287, -1189, 1779584, -1108, -1112, -1322]
[-837, 5314489, 1083, -731, 1862774, -677, 890, -869]
[788, 3167136, 9783, 933, 1058579, 961, 8464, 786]
[-989, 1941678, 188, -864, 21616, -803, 161, -1006]
[-1865, 3747203, -1822, -1737, -2049, -1659, -1699, -1848]
[-712, 4942958, -557, -571, -920, -512, -451, -699]
[209, 2876781, 454, 342, -34, 371, 563, 200]
[-648, 1032176, -589, -507, -851, -477, -474, -656]
[-1191, 997449, -1137, -1044, -1380, -1010, -1036, -1184]
[-846, 1036664, 6776, -712, -1073, -689, 6908, -862]
[-557, 558162, 153996, -441, -793, -394, 154215, -583]
[-680, 157423, 105486, -564, -914, -514, 105659, -690]
[-1244, 563423, 1903, -1119, -1448, -1049, 2033, -1240]
[-1040, 911666, 35044, -904, -1122, -846, 35199, -1041]
[-882, 892989, 244729, -747, -734, -695, 244983, -896]
[-757, 978265, 343484, -458, -574, -434, 343781, -779]
[-1551, 1166203, 30537, -1234, -1521, -1211, 30649, -1568]
[-4479, 1299860, -143996, -4334, -4602, -4284, -143984, -4486]
[201429, 1550859, 349703, 201741, 201373, 201682, 350024, 201763]
[1007232, 2432899, 1396617, 1008139, 1007154, 1007408, 1397594, 1008674]
[580186, 2256449, 1127154, 580548, 579945, 580185, 1127934, 580878]
[-663938, 966299, -384102, -664694, -664251, -663851, -384267, -664981]
[-1004311, 643747, 350075, -803785, -364517, -1004082, 350428, -1005736]
[-948426, 781754, 2655102, -40648, 2570954, -948223, 2656960, -949754]
[-264970, -67146, 2304005, -606411, 2831706, -264790, 2305587, -265334]
[143454, -1628471, 350567, -1617464, 1305637, 143586, 350900, 143647]
[97786, -1534557, 289577, -384959, 178262, 98003, 289888, 97941]
[591492, 382779, 1906815, 592110, 591427, 591749, 1908169, 592411]
[1020184, 658380, 2091736, 1021093, 1020043, 1020296, 2093213, 1021639]
[814536, -1013852, 786470, 815242, 814331, 814595, 787136, 815639]
[545326, -1220070, 486571, 545888, 545199, 545509, 487045, 546111]
[878359, 374265, 1758368, 879204, 878298, 878591, 1759649, 879669]
[1308836, 688822, 2199049, 1309981, 1308725, 1308978, 2200597, 1310717]
[1122830, -750059, 1189982, 1123787, 1122657, 1122886, 1190861, 1124362]
[815195, -1018895, 783705, 815935, 815079, 815336, 784335, 816339]
[1116776, 950652, 1356684, 1117769, 1116733, 1116971, 1357671, 1118349]
[1471483, 1713318, 1353799, 1472681, 1471389, 1471558, 1354778, 1473371]
[971153, -426529, 709119, 968858, 970739, 970922, 709890, 972373]
[101273, -2010212, -159961, 35432, 105281, 105591, -158769, 89019]
[-2561, -190643, 65407, -208178, 297, 627, 65279, -40934]
[63, 1240188, 1240577, -319765, 5740, 6094, 1241510, -77859]
[1974, -903813, -904394, -1871090, 7753, 8126, -904831, -186699]
[2879, -2459936, -2629998, -3524967, -430167, -429790, -2631834, -100054]
[-4239, 1174555, -365822, -1763173, -149769, -149409, -399432, -55676]
[-1597, 3187422, 742504, -319987, 229, 556, 724288, -236954]
[1082, 455252, -197242, -1686050, -57142, -56766, 753266, -22942]
[-1150, -1948895, -1734164, -3602161, -39517, -39141, 2426195, 69752]
[-4369, 1120383, 68461, -2149054, 160956, 161334, 3596151, 24395]
[-1991, 2305858, 3378429, 1562246, 1053366, 1053614, 3747272, -2688]
[5941, 1262035, 1995556, -169761, -18346, -18297, 1975675, -51407]
[9223, 705528, -5005826, -6719179, -6208638, -6202881, -5006409, 22007]
[-8776, 1119392, -8388608, -8388608, -7337144, -6300748, -8388608, 538314]
[-17035, 2116891, -1132239, -667122, 1879768, -606615, -1130536, 166651]
[806, 2517798, 5827258, 6242952, 5808979, 36460, 5832328, -33642]
[2414, 2808451, 2720308, -194366, 669896, 6123, 2723505, 1209629]
[-2306, 4365314, 1685054, -1735414, 69271, -1116, 1670318, 3440311]
[876, 3185051, 2065853, 501675, 520666, 7082, 2016387, 1810640]
[1453, 884616, 1129658, -165882, 48531, -53462, 1122686, -282673]
[-1340, 1618547, 1418503, -1610941, -1560824, -1541309, 1419477, -1610429]
[-4001, 4241436, 3764008, -1406863, -768014, -768374, 3765646, -1406927]
[3156, 3305685, 2915901, -1971277, 39593, 3237, 2911953, -1972354]
[1930, 451282, 201670, -2835354, -66959, 22668, 121293, -2787513]
[4333, 685987, 43184, -2988639, -3642072, -101707, 3356, -2303192]
[6310, 1271255, -4261739, -7894639, -8388608, -658840, -4141827, -7347545]
[-5194, 903406, -3983906, -8388608, -8388608, -193517, -7812206, -8388608]
[-10704, 1420595, 7172797, -7923557, -8388608, -17975, 2473454, -7939712]
[35506, 2639112, 8342024, -2500917, -6249626, -521707, 8388607, -2586479]
[187251, 4044317, 3223224, -228224, -711659, -135376, 3976788, -248331]
[822164, 3808471, -850920, 298819, 835539, 843242, -747964, 818685]
[3163474, 2286366, -76626, -307207, 3172517, 3166091, -76233, 3172528]
[2143295, 1128353, -1885566, 318928, 2186783, 2151078, -1862317, 2171939]
[68790, 2022773, -5146841, 65018, 59682, 69653, -5023631, 72729]
[15541, 3101973, -2459421, 13396, 15376, 13108, -5126126, 12843]
[13377, 1278573, -150971, 12903, 763134, 13316, -6945356, 12908]
[-11754, -279936, -25910, -12215, 1584854, -11537, -7968022, -11779]
[-1906, -3118957, -534115, -5225, 223142, -1696, -4375982, -1939]
[-330, -2652936, -253827, -2648, 26898, 29, -383994, -661]
[8251, -450339, 239, 7741, 83636, 11719, 2443, 9369]
[22561, -684143, -4579, 4422, 9184, 4893, -1370, 4450]
[176155, -1572151, 36, 906, 631, 993, 383, 790]
[67899, -1031337, 4679, 4627, 4772, 4924, 4839, 4513]
[-39181, 346563, 19738, 19770, 19624, 18328, 19924, 19162]
[-10219, 116668, 3740, 3897, 3586, 3396, 3913, 3533]
[-611, -1338621, -512, -454, -686, -466, -593, -632]
[-1361, -1518449, 328, -1194, 103, -1184, -999, -1399]
[-1299, 237152, -69, -984, -280, -1036, -219, -1397]
[-569, 719181, -781, -741, -999, -738, -666, -972]
[-692, -318012, -16084, -16001, -16306, -15945, -15979, -16155]
[-1181, -572565, -104496, -104417, -104659, -104259, -104458, -104617]
[-2024, 702477, 98995, 99143, 98784, 99174, 99187, 99104]
[-130, 1301358, 282552, 282756, 282230, 282563, 282848, 282809]
[-590, 403078, 14623, 14747, 14411, 14783, 14743, 14626]
[-1055, -68762, -576, -479, -785, -427, -476, -619]
[-892, -7837, -387, -287, -610, -255, -272, -441]
[-711, -619, -606, -506, -806, -457, -489, -632]
[-931, -966, -946, -837, -1111, -781, -834, -949]
[-1084, -1116, -1089, -994, -1259, -928, -972, -1114]
[-833, -866, -828, -741, -1016, -691, -707, -876]
[-657, -682, -646, -536, -826, -509, -521, -686]
[-891, -913, -857, -765, -1051, -725, -742, -898]
[-1115, -1125, -1072, -983, -1271, -931, -952, -1111]
[-912, -912, -866, -777, -1069, -720, -757, -921]
[-649, -667, -630, -526, -824, -483, -498, -676]
[-831, -852, -831, -725, -1026, -671, -696, -852]
[-1091, -1146, -1096, -982, -1273, -920, -964, -1106]
[-944, -1013, -951, -862, -1143, -796, -845, -977]
[-662, -719, -659, -573, -865, -530, -562, -697]
[-774, -819, -759, -652, -973, -621, -641, -791]
[-1053, -1094, -1041, -941, -1242, -884, -909, -1075]
[-981, -1049, -994, -879, -1184, -825, -859, -1014]
[-702, -761, -720, -591, -921, -562, -588, -736]
[-756, 28908, -759, -652, -965, -603, -647, -779]
[-1021, 145959, -1007, -902, -1212, -858, -905, -1045]
[-1161, 214637, -1149, -1071, -1359, -988, -1044, -1189]
[-991, 801804, -973, -867, -1160, -795, -850, -997]
[-761, 1215333, -674, -557, -859, -509, -537, -710]
[-1319, 803884, -782, -693, -985, -634, -663, -839]
[-1226, 456483, -1096, -1023, -1299, -931, -989, -1125]
[-1055, 997757, -1041, -970, -1256, -879, -932, -1077]
[-722, 1598567, -690, -599, -916, -551, -581, -761]
[-1021, 1162983, -487, -413, -703, -316, -375, -529]
[-1105, 276734, -812, -775, -961, -571, -692, -897]
[-880, 106727, -970, -1017, -1082, -717, -837, -1209]
[-1474, 160209, -726, -1298, -886, -561, -579, -1441]
[-10932, 550572, -967, -9192, -1124, -772, -813, -9309]
[-4084, 250198, -988, -47009, -1153, -849, -851, -47164]
[-1302, 701524, 4226, -3737, 4098, 493, 4374, -3859]
[-1049, 2050924, 46884, 46911, 47082, 9428, 47061, 46834]
[258, 2095709, -67427, -70122, -66656, -90173, -67326, -70251]
[5322, 199211, -911962, -913697, -869426, -533420, -912421, -920429]
[4929, 625129, -1284266, -1284551, -856786, -268424, -1288878, -1289531]
[56529, 1800406, 191614, 209058, 227380, -187869, -72716, 210092]
[40627, 421483, 2107064, 2132913, 236931, -82352, 2115223, 2134068]
[-184, -178629, -2197389, -2197544, -8548, -206, 1941914, -2199434]
[-402, 713532, -7629547, -7628282, 10729, -131, 2766289, -7634337]
[-8531, 1603930, -4359657, -4359491, -7054, -8110, 3181243, -4363137]
[-5625, 1941533, 5059828, 5062417, -14014, -6701, 2154049, 4982368]
[156351, 1120389, 3940918, 3943026, -101439, 4176, 1115089, 3866882]
[258683, 367091, -6410141, -6408392, -93304, -414, 367603, -6416762]
[161332, 238528, -8331588, -8329060, -6018, -3641, 238969, -8334647]
[-311892, 541685, 373223, 375308, -12320, -11793, 542651, 374868]
[-204972, 1061645, 5293559, 5295448, 2921, 3291, 1062898, 5084494]
[349090, 287682, -3930240, -3928877, 10026, 10269, 285727, -4907007]
[783743, 387534, -8388608, -8388608, -207, 21, 385853, -8388608]
[-715667, 1644746, -2191770, -2189724, -10629, -10373, 1646685, -2176631]
[-250622, 349104, 5780405, 5782491, -2295, -1982, 349552, 5795067]
[37516, 18205, 5921481, 5923539, -2106, -1772, 18453, 6123960]
[-311227, -6154, 6854501, 6856890, -506, -137, -5604, 7041934]
[-3133851, 1259, 4176630, 4152157, 4155, 5136, 3593, 4153868]
[-5851545, -3206, 143048, -44186, -1484, 1074, 416, -55115]
[-4733502, -699, -101972, -148164, -316, 163, -55, -198275]
[-2228187, 17372, 17473, 17578, 19447, 18461, 17616, -74003]
[-120104, 26530, 26633, 26748, 27005, 27004, 26773, -2816]
[-841, 29914, 29984, 30094, 30027, 30163, 30130, 20036]
[-7964, 39201, 30454, 29181, 47205, 26044, 34739, 2967]
[-16607, 79618, 62668, 63737, 339926, 60498, 76374, 33261]
[-1842, 6286, 5624, 5231, 847623, 509613, 5443, -63259]
[-193, -4281, -1498, -6445, 437863, 321733, -2162, -17962]
[-1016, -1872, -532, -51899, -76, -756, -411, -52166]
[-1071, -1101, -1041, -20829, -1210, -885, -922, -24231]
[-769, -787, -727, -659, -898, -568, -607, -8553]
[-719, -764, -688, -586, -874, -542, -573, -4456]
[-1015, -1032, -955, -847, -1161, -826, -849, -3356]
[-1094, -1097, -1026, -929, -1229, -877, -906, -1119]
[-809, -830, -747, -663, -938, -602, -616, -807]
[-696, -708, -641, -546, -821, -484, -519, -704]
[-945, -969, -1458, -1719, -1067, -747, -797, -5491]
[-1113, -1152, -6147, -9948, -1231, -916, -946, -20146]
[-874, -910, -2089, -3049, -994, -686, -704, -5045]
[-652, -701, -627, -516, -802, -477, -513, -674]
[-888, -949, -874, -763, -1025, -716, -747, -907]
[-1119, -1169, -1102, -1017, -1262, -918, -964, -1141]
[-926, -976, -917, -817, -1071, -737, -766, -950]
[-677, -728, -665, -567, -826, -500, -527, -698]
[-847, -901, -825, -844, -1004, -681, -711, -886]
[-1106, -1157, -1055, -19062, -1249, -919, -960, -1130]
[-992, -1024, -926, -14527, -1154, -784, -836, -1001]
[-691, -739, -646, -585, -898, -517, -547, -714]
[-793, -859, -764, -704, -1002, -626, -648, -816]
[-1082, -1136, -1049, -959, -1261, -896, -922, -1094]
[-1017, -1047, -969, -8791, -1186, -831, -857, -1160]
[-740, -763, -694, -12941, -901, -550, -579, -946]
[-733, -6475, -6417, -6482, -6621, -526, -6297, -711]
[-968, -14891, -14826, -14744, -15029, -804, -14716, -950]
[46, -319163, -319260, -319344, -319364, 160, -319376, 19]
[164, -1159491, -1159896, -1160185, -1159641, 323, -1160530, 170]
[-669, -1390864, -1391300, -1391645, -1390960, -434, -1392054, -567]
[-351, -1655734, -1656300, -1656759, -1655856, -154, -1657216, -271]
[-710, -2083336, -2084027, -2084640, -2083407, -521, -2085210, -644]
[-2644, -1717443, -1717814, -1718320, -1717367, -2419, -1718765, -2571]
[-1961, -426959, -426923, -427014, -426987, -1741, -427079, -1912]
[-1212, -62165, -62080, -62028, -62269, -988, -62002, -1155]
[-1136, -1179, -1068, -994, -1276, -922, -952, -1067]
[-897, -962, -836, -774, -1064, -714, -732, -862]
[-689, -746, -634, -567, -864, -509, -523, -667]
[-886, -987, -833, -767, -1071, -711, -732, -899]
[-1107, -1241, -1073, -1013, -1291, -934, -971, -1127]
[-937, -1017, -915, -858, -1104, -761, -789, -968]
[-681, -734, -639, -583, -841, -493, -522, -722]
[-822, -895, -792, -727, -994, -644, -677, 462]
[-1088, -2745, -2587, -2503, -2766, -2424, -2465, 24339]
[-1016, -3468, -3268, -3217, -3445, -3108, -3149, 85370]
[33759, 512419, 512843, 513058, 512463, 512836, 513282, 16221]
[342109, 1525643, 1309759, 1310268, 1309163, 1407429, 1310653, 2658]
[93659, -1529468, -2068060, -2068500, -2066741, 51673, -2068244, 9388]
[-2583924, -7168668, -7013937, -7013009, -7005112, -312811, -7007741, -4954]
[-898286, -3314731, -3425139, -3425077, -3407211, 978121, -3420234, -24672]
[3351958, 5835741, 5827661, 5831093, 5835791, 5227261, 5836478, 350939]
[5421510, 5244401, 5241193, 5244683, 5242899, 6762066, 5246126, 325035]
[4032968, -4382560, -4402198, -4398081, -4392397, 4577140, -4391419, -230933]
[1272019, -4920477, -5177416, -5176585, -5171629, 4449587, -5173826, -92382]
[1179263, 4882293, 4750606, 4751178, 4750988, 6419726, 4753314, 209726]
[357441, 6702820, 7817964, 7822318, 7821149, 6873811, 7828131, 82974]
[155185, -4546196, 1041003, 1042002, 1041204, 5569738, 1042714, -212882]
[65317, -6572550, -3466688, -3467863, -4215802, 4664579, -4219709, -41319]
[44879, 1562966, 4203854, 4203269, -4009113, 4813666, -4012890, 429777]
[-1726, 3505670, 8334561, 8334444, -4277284, 4032598, -4281289, 152589]
[25096, 2725498, -415201, -413744, -5022972, 1004157, -5028219, -428532]
[37434, 2494661, -8204499, -8202051, -5124667, -137835, -5129634, -109266]
[-8908, 2787889, -589573, -587686, -4828669, -11147, -4833414, -9473]
[-628, 2733865, 7707294, 7708734, -4959866, -77912, -4964613, 1520]
[7624, 2181279, 178973, 180990, -5461261, -266402, -5466334, -191619]
[736, 2219243, -8320760, -8316767, -5282394, 120377, -5287466, -1356531]
[-10169, 2484676, -3615234, -3596859, -4937948, 255118, -4942971, 1830788]
[-6064, 3358825, 7109046, 7113081, -3731438, 804276, -3735319, 8200649]
[99931, 3528638, 2536457, 2537380, 482889, 1751843, 484019, 6503777]
[69686, 2848013, -7669991, -7668002, 2831213, 1722904, 2834643, -4168422]
[5431, 2851316, -5320996, -5317857, 1927130, -1016750, 1929078, -1666819]
[-373, 3470371, 5049663, 5058630, 2672528, -147390, 2675668, 5639929]
[6266, 2816273, 2137459, 2140833, 2252851, 6349, 2255659, 1239544]
[1553, 3154043, -6821566, -6819831, 2569939, 1696, 2572989, 1478]
[-7469, 3429377, -5886626, -5884829, 2961924, -4576, 2964384, -4885]
[-5127, 2833067, 2157793, 2149341, 3212801, -4106, 3201285, -4402]
[3915, 2510829, 2605244, 2595542, 2536933, -1949, 2458487, -2142]
[5122, 2954941, -730242, -730891, -319066, 1177, -730504, 1001]
[-2099, 1932618, -1151121, -1151429, -1086516, -1339, -1151742, -1553]
[-1703, 4831210, -304221, -303997, -305680, -1349, -304310, -1601]
[73, 2718995, -346557, -346584, -346667, 276, -346698, 104]
[-1471, 451753, 55421, 55372, 55166, -635, 55549, -409]
[-705, 1400663, 91974, 91798, 91347, -204, 91794, -313]
[636, 3046893, -964526, -964653, -967307, 1521, -967656, 1313]
[441, 2020010, -1884136, -1884597, -1884272, 571, -1885828, 379]
[-117, -225276, -2317801, -2318489, -2317094, -1212, -2319163, -1422]
[-2833, -12143, -2025981, -2026601, -2025397, -2509, -2027136, -2767]
[-3367, 1750390, -312084, -312156, -312198, -3019, -312174, -3276]
[-203, 1702762, 614488, 614758, 614012, -44, 614956, -262]
[678, 32760, -223947, -223943, -224066, 1651, -224002, 1465]
[-2731, -145405, -403944, -404021, -403982, 120646, -404087, 120572]
[-3022, 1657199, 1104226, 1104624, 1103576, 312829, 1105028, 313039]
[199, 2125969, 1688013, 1688626, 1687105, 39188, 1689148, 39051]
[762, 806246, 656341, 656636, 655857, 876, 656847, 694]
[-1736, 329173, 141493, 141582, 141208, -1547, 141677, -1774]
[-2877, 1652326, 1203076, 1203487, 1202359, -2650, 1203926, -2884]
[-412, 2446805, 1973763, 1974464, 1972739, -261, 1975061, -453]
[650, 1422864, 1148863, 1149302, 1148161, 593, 1149646, 423]
[-1044, 720076, 471000, 471184, 470582, -1637, 471396, -1854]
[-2181, 1557530, 919366, 919678, 918839, -2054, 920101, -2305]
[-1118, 2113859, 1869811, 1870466, 1868879, -959, 1871102, -1173]
[949, 1530765, 1163322, 1163758, 1162660, 1066, 1164139, 898]
[-441, 753198, 40118, 40174, 39908, -297, 40236, -493]
[-2511, 1441880, 462113, 462289, 461746, -2303, 462509, -2544]
[-1552, 2623851, 1529872, 1530401, 1529043, -1380, 1530918, -1602]
[-6206, 2072974, 1188110, 1188561, 1187403, 799, 1188936, 619]
[-18341, 840529, 136795, 136916, 136516, 185, 136974, -8]
[-3290, 1092049, 251067, 251196, 250757, -1991, 251320, -2221]
[-2049, 2164921, 1285575, 1286023, 1284852, -1829, 1286479, -2099]
[224, 1698301, 1490683, 1491223, 1489881, 367, 1491706, 148]
[242, 535223, 535149, 535382, 534743, 384, 535578, 173]
[-2201, 536431, 536779, 536968, 536364, -1992, 537229, -2242]
[-2246, 1640341, 1641102, 1641658, 1640239, -2054, 1642231, -2286]
[228, 1830623, 1831257, 1831905, 1830305, 362, 1832473, 175]
[512, 816517, 816750, 817076, 816224, 647, 817358, 465]
[-1748, 470276, 470595, 470773, 470211, -1572, 470990, -1789]
[-1966, 1376594, 1377266, 1377731, 1376512, -1779, 1378213, -2011]
[4007, 1037219, 1037480, 1037883, 1036874, 1478, 1038198, 1314]
[355316, 53226, 40256, 40319, 40058, -741, 40364, -948]
[1176036, 237189, -1112, -1067, -1313, -985, -1028, -1217]
[442725, 143844, -248, -187, -472, -142, -154, -324]
[-156327, -572, -659, -606, -884, -592, -544, -733]
[132044, -109597, -109586, -109583, -109751, -317, -109546, -109798]
[55475, -396397, -396456, -396539, -396496, -974, -396590, -396939]
[52794, -44658, -44558, -44539, -44755, -1291, -44479, -44691]
[18708, 97731, 97828, 97904, 97588, -343, 97991, 97826]
[86510, -175926, -175972, -175986, -176104, 149, -175979, -176250]
[-158759, -1044981, -1045387, -1045668, -1045156, 598, -1045942, -1046502]
[-672336, -1070125, -1070422, -1070724, -1070176, -1365, -1070978, -1071524]
[-1095424, -646234, -646399, -646567, -646339, -866, -646677, -647099]
[-820912, -719759, -720046, -720222, -719934, -392, -720369, -720851]
[-144504, -1089644, -1090001, -1090307, -1089750, -437, -1090563, -1091163]
[-185929, -1121847, -1122136, -1122469, -1121887, -1103, -1122740, -1123326]
[-608735, -688513, -688636, -688813, -688557, -3379, -688953, -689379]
[-594211, -315595, -315973, -316021, -316078, -17704, -316097, -316357]
[496421, 101860, -7686, -12074, -7715, -13089, -7564, -12197]
[1505828, 1168694, 462287, 319627, 506333, -2282, 467273, 320259]
[-278162, 2347595, 438762, 348203, 538390, 70822, 442348, 348634]
[-2480596, 2842594, -347450, -349339, -320953, 486507, -347562, -349747]
[-1785344, 910494, -1507610, -1509735, -1505436, -478473, -1508634, -1511186]
[-78913, -1599263, -3476180, -3479290, -3472671, -2631148, -3478479, -3482005]
[-454123, 837498, -3546103, -3547242, -3544869, -1011314, -3548262, -3549562]
[-2583468, 3160459, -2323832, -2324565, -2323137, 302083, -2325211, -2326142]
[-2657127, 603076, -2787687, -2788537, -2786771, 17278, -2789399, -2790497]
[-530681, -1961880, -4152620, -4153909, -4151096, -11893, -4155197, -4156729]
[-97504, 741354, -3757391, -3758572, -3756027, -12961, -3759681, -3761050]
[-1875184, 5113169, -1658892, -1659401, -1658443, -31742, -1659830, -1660514]
[-2208992, 3456526, -950104, -950341, -949979, -3245, -950635, -951148]
[-666451, -1855541, -3078447, -3079370, -3077417, 3701, -3080357, -3081587]
[-120848, -781467, -4259229, -4260590, -4257674, -2475, -4261874, -4263419]
[-1603451, 5198914, -2275248, -2275993, -2274546, -5257, -2276616, -2277468]
[-2318385, 4729218, -806717, -806907, -806646, 687, -807139, -807587]
[-985716, -1313757, -2446661, -2447361, -2445891, 3956, -2448160, -2449172]
[-51400, -1732644, -4145780, -4147055, -4144244, -1591, -4148326, -4149837]
[-1272204, 4584632, -2693703, -2694539, -2692786, -5670, -2695299, -2696287]
[-2345353, 5642997, -759313, -759496, -759249, -427, -759687, -760090]
[-1312858, -677323, -1786869, -1787336, -1786361, 4050, -1787906, -1788707]
[-97531, -2971689, -3754556, -3755702, -3753207, -464, -3756864, -3758257]
[-999377, 3063745, -2874897, -2875811, -2873936, -5629, -2876632, -2877692]
