[-8388608, -8388608, -8388608, -8388608, -8318703, -4838155, 7361817, -8388608]
[-8388608, -8388608, -8388608, -8388608, -8310121, -4820976, 7370405, -8388608]
[-8388608, -8388608, -8388608, -8388608, -8278518, -4727356, 7407983, -8388608]
[-8388608, -8388608, -8388608, -8388608, -8282600, -4752959, 7386505, -8388608]
[-8388608, -8388608, -8388608, -8388608, -8315168, -4874726, 7325838, -8388608]
[-8388608, -8388608, -8388608, -8388608, -8314759, -4885055, 7321916, -8388608]
[-8388608, -8388608, -8388608, -8388608, -8282869, -4789489, 7359373, -8388608]
[-8388608, -8388608, -8388608, -8388608, -8278581, -4786390, 7350636, -8388608]
[-8388608, -8388608, -8388608, -8388608, -8310308, -4904974, 7291957, -8388608]
[-8388608, -8388608, -8388608, -8388608, -8318032, -4942624, 7275286, -8388608]
[-8388608, -8388608, -8388608, -8388608, -8288040, -4853102, 7311558, -8388608]
[-8388608, -8388608, -8388608, -8388608, -8275596, -4822804, 7314407, -8388608]
[-8388608, -8388608, -8388608, -8388608, -8304327, -4930992, 7258929, -8388608]
[-8388608, -8388608, -8388608, -8388608, -8319856, -4995331, 7229619, -8388608]
[-8388608, -8388608, -8388608, -8388608, -8293947, -4918621, 7262243, -8388608]
[-8388608, -8388608, -8388608, -8388608, -8274082, -4863162, 7276116, -8388608]
[-8388608, -8388608, -8388608, -8388608, -8297796, -4953976, 7226779, -8388608]
[-8388608, -8388608, -8388608, -8388608, -8320562, -5042255, 7185754, -8388608]
[-8388608, -8388608, -8388608, -8388608, -8300282, -4984353, 7211511, -8388608]
[-8388608, -8388608, -8388608, -8388608, -8274336, -4908578, 7234823, -8388608]
[-8388608, -8388608, -8388608, -8388608, -8291518, -4977208, 7192536, -8388608]
[-8388608, -8388608, -8388608, -8388608, -8319767, -5083616, 7121639, -8388608]
[-8388608, -8388608, -8388608, -8388608, -8306323, -5047401, 7113127, -8388608]
[-8388608, -8388608, -8388608, -8388608, -8276171, -4955738, 7128097, -8388608]
[-8388608, -8388608, -8388608, -8388608, -8285617, -4996401, 7082326, -8388608]
[-8388608, -8388608, -8388608, -8388608, -8317224, -5112639, 7009939, -8388608]
[-8388608, -8388608, -8388608, -8388608, -8311681, -5102756, 6998615, -8388608]
[-8388608, -8388608, -8388608, -8388608, -8279771, -5004926, 7018089, -8388608]
[-8388608, -8388608, -8388608, -8388608, -8280916, -5018192, 6984074, -8388608]
[-8388608, -8388608, -8388608, -8388608, -8313267, -5137324, 6908719, -8388608]
[-8388608, -8388608, -8388608, -8388608, -8315731, -5155257, 6884294, -8388608]
[-8388608, -8388608, -8388608, -8388608, -8284184, -5058688, 6905222, -8388608]
[-8388608, -8388608, -8388608, -8388608, -8276935, -5043300, 6883679, -8388608]
[-8388608, -8388608, -8388608, -8388608, -8308064, -5157588, 6808992, -8388608]
[-8388608, -8388608, -8388608, -8388608, -8318637, -5203378, 6771129, -8388608]
[-8388608, -8388608, -8388608, -8388608, -8289836, -5115409, 6790349, -8388608]
[-8388608, -8388608, -8388608, -8388608, -8274755, -5073553, 6780689, -8388608]
[-8388608, -8388608, -8388608, -8388608, -8302098, -5175235, 6709946, -8388608]
[-8388608, -8388608, -8388608, -8388608, -8320284, -5247248, 6659580, -8388608]
[-8388608, -8388608, -8388608, -8388608, -8296175, -5174937, 6673995, -8388608]
[-8388608, -8388608, -8388608, -8388608, -8273909, -5109507, 6675147, -8388608]
[-8388608, -8388608, -8388608, -8388608, -8295550, -5191558, 6611684, -8388608]
[-8388608, -8388608, -8388608, -8388608, -8320478, -5285894, 6550546, -8388608]
[-8388608, -8388608, -8388608, -8388608, -8302472, -5234019, 6557173, -8388608]
[-8388608, -8388608, -8388608, -8388608, -8274762, -5150850, 6567081, -8388608]
[-8388608, -8388608, -8388608, -8388608, -8289317, -5209034, 6513195, -8388608]
[-8388608, -8388608, -8388608, -8388608, -8319134, -5319514, 6443774, -8388608]
[-8388608, -8388608, -8388608, -8388608, -8308688, -5292835, 6439751, -8388608]
[-8388608, -8388608, -8388608, -8388608, -8277592, -5198131, 6456299, -8388608]
[-8388608, -8388608, -8388608, -8388608, -8284130, -5229499, 6414018, -8388608]
[-8388608, -8388608, -8388608, -8388608, -8316261, -5347857, 6340002, -8388608]
[-8388608, -8388608, -8388608, -8388608, -8313454, -5347858, 6323999, -8388608]
[-8388608, -8388608, -8388608, -8388608, -8281382, -5250207, 6343818, -8388608]
[-8388608, -8388608, -8388608, -8388608, -8279577, -5253374, 6313897, -8388608]
[-8388608, -8388608, -8388608, -8388608, -8311674, -5371168, 6238528, -8388608]
[-8388608, -8388608, -8388608, -8388608, -8317141, -5399365, 6209505, -8388608]
[-8388608, -8388608, -8388608, -8388608, -8286567, -5305784, 6229866, -8388608]
[-8388608, -8388608, -8388608, -8388608, -8276525, -5281209, 6212149, -8388608]
[-8388608, -8388608, -8388608, -8388608, -8306419, -5391340, 6138616, -8388608]
[-8388608, -8388608, -8388608, -8388608, -8319819, -5446823, 6096574, -8388608]
[-8388608, -8388608, -8388608, -8388608, -8292579, -5364836, 6114154, -8388608]
[-8388608, -8388608, -8388608, -8388608, -8274762, -5314996, 6107939, -8388608]
[-8388608, -8388608, -8388608, -8388608, -8300371, -5410466, 6039519, -8388608]
[-8388608, -8388608, -8388608, -8388608, -8321099, -5490630, 5985709, -8388608]
[-8388608, -8388608, -8388608, -8388608, -8299133, -5425739, 5997413, -8388608]
[-8388608, -8388608, -8388608, -8388608, -8274991, -5354759, 6001084, -8388608]
[-8388608, -8388608, -8388608, -8388608, -8294364, -5429171, 5940691, -8388608]
[-8388608, -8388608, -8388608, -8388608, -8320892, -5529309, 5876799, -8388608]
[-8388608, -8388608, -8388608, -8388608, -8305497, -5486647, 5879538, -8388608]
[-8388608, -8388608, -8388608, -8388608, -8276701, -5400163, 5891030, -8388608]
[-8388608, -8388608, -8388608, -8388608, -8288477, -5449616, 5840780, -8388608]
[-8388608, -8388608, -8388608, -8388608, -8319092, -5563231, 5769907, -8388608]
[-8388608, -8388608, -8388608, -8388608, -8311199, -5546149, 5761643, -8388608]
[-8388608, -8388608, -8388608, -8388608, -8279793, -5451302, 5778293, -8388608]
[-8388608, -8388608, -8388608, -8388608, -8283552, -5473414, 5739473, -8388608]
[-8388608, -8388608, -8388608, -8388608, -8316049, -5592495, 5664794, -8388608]
[-8388608, -8388608, -8388608, -8388608, -8316144, -5602708, 5644153, -8388608]
[-8388608, -8388608, -8388608, -8388608, -8284542, -5507011, 5662935, -8388608]
[-8388608, -8388608, -8388608, -8388608, -8280071, -5501709, 5636092, -8388608]
[-8388608, -8388608, -8388608, -8388608, -8311806, -5618177, 5561248, -8388608]
[-8388608, -8388608, -8388608, -8388608, -8319978, -5655756, 5527895, -8388608]
[-8388608, -8388608, -8388608, -8388608, -8290526, -5566736, 5546291, -8388608]
[-8388608, -8388608, -8388608, -8388608, -8278038, -5534961, 5531331, -8388608]
[-8388608, -8388608, -8388608, -8388608, -8306676, -5641094, 5459656, -8388608]
[-8388608, -8388608, -8388608, -8388608, -8322389, -5704421, 5414035, -8388608]
[-8388608, -8388608, -8388608, -8388608, -8297012, -5628524, 5428856, -8388608]
[-8388608, -8388608, -8388608, -8388608, -8277190, -5572379, 5424608, -8388608]
[-8388608, -8388608, -8388608, -8388608, -8300538, -5660982, 5358806, -8388608]
[-8388608, -8388608, -8388608, -8388608, -8323339, -5748203, 5301911, -8388608]
[-8388608, -8388608, -8388608, -8388608, -8303659, -5691341, 5310068, -8388608]
[-8388608, -8388608, -8388608, -8388608, -8277902, -5616024, 5315153, -8388608]
[-8388608, -8388608, -8388608, -8388608, -8294787, -5682709, 5257824, -8388608]
[-8388608, -8388608, -8388608, -8388608, -8322827, -5787656, 5191996, -8388608]
[-8388608, -8388608, -8388608, -8388608, -8309828, -5753390, 5191106, -8388608]
[-8388608, -8388608, -8388608, -8388608, -8280104, -5664311, 5203594, -8388608]
[-8388608, -8388608, -8388608, -8388608, -8289504, -5705351, 5156781, -8388608]
[-8388608, -8388608, -8388608, -8388608, -8320975, -5821234, 5085174, -8388608]
[-8388608, -8388608, -8388608, -8388608, -8315634, -5812841, 5073308, -8388608]
[-8388608, -8388608, -8388608, -8388608, -8284037, -5717445, 5090515, -8388608]
[-8388608, -8388608, -8388608, -8388608, -8285032, -5730827, 5055438, -8388608]
[-8388608, -8388608, -8388608, -8388608, -8317353, -5849507, 4981025, -8388608]
[-8388608, -8388608, -8388608, -8388608, -8320044, -5868519, 4956788, -8388608]
[-8388608, -8388608, -8388608, -8388608, -8288961, -5774678, 4975741, -8388608]
[-8388608, -8388608, -8388608, -8388608, -8281582, -5760259, 4952946, -8388608]
[-8388608, -8388608, -8388608, -8388608, -8312296, -5873329, 4879559, -8388608]
[-8388608, -8388608, -8388608, -8388608, -8323054, -5919787, 4842439, -8388608]
[-8388608, -8388608, -8388608, -8388608, -8294758, -5834602, 4860117, -8388608]
[-8388608, -8388608, -8388608, -8388608, -8279709, -5794206, 4848979, -8388608]
[-8388608, -8388608, -8388608, -8388608, -8306722, -5894864, 4779116, -8388608]
[-8388608, -8388608, -8388608, -8388608, -8325005, -5966942, 4729844, -8388608]
[-8388608, -8388608, -8388608, -8388608, -8301331, -5896700, 4743269, -8388608]
[-8388608, -8388608, -8388608, -8388608, -8279094, -5832996, 4742926, -8388608]
[-8388608, -8388608, -8388608, -8388608, -8300376, -5914617, 4680201, -8388608]
[-8388608, -8388608, -8388608, -8388608, -8325247, -6008821, 4620463, -8388608]
[-8388608, -8388608, -8388608, -8388608, -8307587, -5958312, 4626998, -8388608]
[-8388608, -8388608, -8388608, -8388608, -8279969, -5876366, 4636033, -8388608]
[-8388608, -8388608, -8388608, -8388608, -8294232, -5934181, 4582499, -8388608]
[-8388608, -8388608, -8388608, -8388608, -8323999, -6044581, 4514207, -8388608]
[-8388608, -8388608, -8388608, -8388608, -8313523, -6018473, 4510899, -8388608]
[-8388608, -8388608, -8388608, -8388608, -8282308, -5923886, 4528237, -8388608]
[-8388608, -8388608, -8388608, -8388608, -8288564, -5954162, 4487291, -8388608]
[-8388608, -8388608, -8388608, -8388608, -8321105, -6074454, 4412141, -8388608]
[-8388608, -8388608, -8388608, -8388608, -8318572, -6076558, 4395202, -8388608]
[-8388608, -8388608, -8388608, -8388608, -8286096, -5976311, 4418431, -8388608]
[-8388608, -8388608, -8388608, -8388608, -8283890, -5977396, 4391406, -8388608]
[-8388608, -8388608, -8388608, -8388608, -8316558, -6098053, 4314618, -8388608]
[-8388608, -8388608, -8388608, -8388608, -8322528, -6129032, 4284003, -8388608]
[-8388608, -8388608, -8388608, -8388608, -8291547, -6033407, 4306934, -8388608]
[-8388608, -8388608, -8388608, -8388608, -8280906, -6005928, 4292847, -8388608]
[-8388608, -8388608, -8388608, -8388608, -8311030, -6117810, 4218644, -8388608]
[-8388608, -8388608, -8388608, -8388608, -8325187, -6177184, 4174246, -8388608]
[-8388608, -8388608, -8388608, -8388608, -8297824, -6094329, 4193601, -8388608]
[-8388608, -8388608, -8388608, -8388608, -8279664, -6042080, 4191116, -8388608]
[-8388608, -8388608, -8388608, -8388608, -8305245, -6137834, 4122979, -8388608]
[-8388608, -8388608, -8388608, -8388608, -8326388, -6221091, 4066734, -8388608]
[-8388608, -8388608, -8388608, -8388608, -8304320, -6155824, 4079651, -8388608]
[-8388608, -8388608, -8388608, -8388608, -8279779, -6081524, 4087959, -8388608]
[-8388608, -8388608, -8388608, -8388608, -8299069, -6156011, 4028719, -8388608]
[-8388608, -8388608, -8388608, -8388608, -8326226, -6259744, 3962395, -8388608]
[-8388608, -8388608, -8388608, -8388608, -8310664, -6217033, 3966104, -8388608]
[-8388608, -8388608, -8388608, -8388608, -8281205, -6127097, 3982489, -8388608]
[-8388608, -8388608, -8388608, -8388608, -8293051, -6175596, 3934869, -8388608]
[-8388608, -8388608, -8388608, -8388608, -8324212, -6291799, 3862619, -8388608]
[-8388608, -8388608, -8388608, -8388608, -8316162, -6274725, 3855096, -8388608]
[-8388608, -8388608, -8388608, -8388608, -8284160, -6175379, 3877323, -8388608]
[-8388608, -8388608, -8388608, -8388608, -8287549, -6195109, 3842541, -8388608]
[-8388608, -8388608, -8388608, -8388608, -8320336, -6316702, 3766768, -8388608]
[-8388608, -8388608, -8388608, -8388608, -8320766, -6328504, 3745901, -8388608]
[-8388608, -8388608, -8388608, -8388608, -8288709, -6229173, 3769906, -8388608]
[-8388608, -8388608, -8388608, -8388608, -8283776, -6221012, 3747822, -8388608]
[-8388608, -8388608, -8388608, -8388608, -8315757, -6339459, 3672229, -8388608]
[-8388608, -8388608, -8388608, -8388608, -8324248, -6379727, 3637319, -8388608]
[-8388608, -8388608, -8388608, -8388608, -8294322, -6287765, 3659930, -8388608]
[-8388608, -8388608, -8388608, -8388608, -8281306, -6252207, 3650455, -8388608]
[-8388608, -8388608, -8388608, -8388608, -8310129, -6359743, 3578207, -8388608]
[-8388608, -8388608, -8388608, -8388608, -8326426, -6426898, 3529883, -8388608]
[-8388608, -8388608, -8388608, -8388608, -8300625, -6349099, 3547863, -8388608]
[-8388608, -8388608, -8388608, -8388608, -8280147, -6288621, 3549998, -8388608]
[-8388608, -8388608, -8388608, -8388608, -8303760, -6378252, 3484833, -8388608]
[-8388608, -8388608, -8388608, -8388608, -8326987, -6469099, 3425203, -8388608]
[-8388608, -8388608, -8388608, -8388608, -8306959, -6410569, 3436243, -8388608]
[-8388608, -8388608, -8388608, -8388608, -8280339, -6329267, 3448811, -8388608]
[-8388608, -8388608, -8388608, -8388608, -8297131, -6394836, 3394171, -8388608]
[-8388608, -8388608, -8388608, -8388608, -8326050, -6503964, 3325933, -8388608]
[-8388608, -8388608, -8388608, -8388608, -8313109, -6469384, 3326923, -8388608]
[-8388608, -8388608, -8388608, -8388608, -8282314, -6374279, 3346854, -8388608]
[-8388608, -8388608, -8388608, -8388608, -8291203, -6412699, 3304169, -8388608]
[-8388608, -8388608, -8388608, -8388608, -8323325, -6532222, 3230686, -8388608]
[-8388608, -8388608, -8388608, -8388608, -8318334, -6524968, 3219342, -8388608]
[-8388608, -8388608, -8388608, -8388608, -8285944, -6424639, 3243124, -8388608]
[-8388608, -8388608, -8388608, -8388608, -8286596, -6435048, 3213221, -8388608]
[-8388608, -8388608, -8388608, -8388608, -8319533, -6557106, 3137327, -8388608]
[-8388608, -8388608, -8388608, -8388608, -8322419, -6578029, 3112173, -8388608]
[-8388608, -8388608, -8388608, -8388608, -8290611, -6479514, 3136876, -8388608]
[-8388608, -8388608, -8388608, -8388608, -8282791, -6461137, 3119950, -8388608]
[-8388608, -8388608, -8388608, -8388608, -8313987, -6576974, 3045577, -8388608]
[-8388608, -8388608, -8388608, -8388608, -8325177, -6626547, 3006726, -8388608]
[-8388608, -8388608, -8388608, -8388608, -8296276, -6537933, 3029242, -8388608]
[-8388608, -8388608, -8388608, -8388608, -8280548, -6492781, 3024817, -8388608]
[-8388608, -8388608, -8388608, -8388608, -8308071, -6595004, 2955374, -8388608]
[-8388608, -8388608, -8388608, -8388608, -8326957, -6670606, 2903921, -8388608]
[-8388608, -8388608, -8388608, -8388608, -8302679, -6597767, 2921046, -8388608]
[-8388608, -8388608, -8388608, -8388608, -8279879, -6529029, 2927824, -8388608]
[-8388608, -8388608, -8388608, -8388608, -8301677, -6611409, 2866558, -8388608]
[-8388608, -8388608, -8388608, -8388608, -8327122, -6708826, 2804514, -8388608]
[-8388608, -8388608, -8388608, -8388608, -8309176, -6657192, 2813331, -8388608]
[-8388608, -8388608, -8388608, -8388608, -8281207, -6571034, 2829234, -8388608]
[-8388608, -8388608, -8388608, -8388608, -8295791, -6628779, 2778696, -8388608]
[-8388608, -8388608, -8388608, -8388608, -8325702, -6741575, 2708691, -8388608]
[-8388608, -8388608, -8388608, -8388608, -8315064, -6714960, 2706400, -8388608]
[-8388608, -8388608, -8388608, -8388608, -8283684, -6617486, 2728507, -8388608]
[-8388608, -8388608, -8388608, -8388608, -8290209, -6647414, 2690312, -8388608]
[-8388608, -8388608, -8388608, -8388608, -8322824, -6768285, 2615964, -8388608]
[-8388608, -8388608, -8388608, -8388608, -8319996, -6769189, 2600849, -8388608]
[-8388608, -8388608, -8388608, -8388608, -8287557, -6668349, 2626231, -8388608]
[-8388608, -8388608, -8388608, -8388608, -8285514, -6669052, 2601375, -8388608]
[-8388608, -8388608, -8388608, -8388608, -8318246, -6789922, 2526098, -8388608]
[-8388608, -8388608, -8388608, -8388608, -8323724, -6819787, 2497104, -8388608]
[-8388608, -8388608, -8388608, -8388608, -8292588, -6723708, 2522240, -8388608]
[-8388608, -8388608, -8388608, -8388608, -8282435, -6696874, 2510168, -8388608]
[-8388608, -8388608, -8388608, -8388608, -8312837, -6808927, 2437768, -8388608]
[-8388608, -8388608, -8388608, -8388608, -8326391, -6866008, 2395550, -8388608]
[-8388608, -8388608, -8388608, -8388608, -8298884, -6781627, 2417404, -8388608]
[-8388608, -8388608, -8388608, -8388608, -8280840, -6728844, 2417416, -8388608]
[-8388608, -8388608, -8388608, -8388608, -8306516, -6825057, 2351046, -8388608]
[-8388608, -8388608, -8388608, -8388608, -8327518, -6907512, 2296591, -8388608]
[-8388608, -8388608, -8388608, -8388608, -8305124, -6840798, 2311858, -8388608]
[-8388608, -8388608, -8388608, -8388608, -8280523, -6766010, 2322298, -8388608]
[-8388608, -8388608, -8388608, -8388608, -8299867, -6840293, 2264851, -8388608]
[-8388608, -8388608, -8388608, -8388608, -8326746, -6943093, 2200397, -8388608]
[-8388608, -8388608, -8388608, -8388608, -8310992, -6899112, 2206157, -8388608]
[-8388608, -8388608, -8388608, -8388608, -8281663, -6808461, 2224781, -8388608]
[-8388608, -8388608, -8388608, -8388608, -8293802, -6857677, 2178480, -8388608]
[-8388608, -8388608, -8388608, -8388608, -8324868, -6973727, 2107227, -8388608]
[-8388608, -8388608, -8388608, -8388608, -8316676, -6955376, 2101583, -8388608]
[-8388608, -8388608, -8388608, -8388608, -8284822, -6855902, 2125703, -8388608]
[-8388608, -8388608, -8388608, -8388608, -8288644, -6876424, 2092309, -8388608]
[-8388608, -8388608, -8388608, -8388608, -8321479, -6997997, 2017634, -8388608]
[-8388608, -8388608, -8388608, -8388608, -8321096, -7007481, 1998887, -8388608]
[-8388608, -8388608, -8388608, -8388608, -8288731, -6906839, 2025327, -8388608]
[-8388608, -8388608, -8388608, -8388608, -8284112, -6898737, 2004909, -8388608]
[-8388608, -8388608, -8388608, -8388608, -8316295, -7017352, 1930604, -8388608]
[-8388608, -8388608, -8388608, -8388608, -8324514, -7056022, 1898068, -8388608]
[-8388608, -8388608, -8388608, -8388608, -8294156, -6962158, 1923401, -8388608]
[-8388608, -8388608, -8388608, -8388608, -8281293, -6926232, 1915823, -8388608]
[-8388608, -8388608, -8388608, -8388608, -8310452, -7033750, 1845451, -8388608]
[-8388608, -8388608, -8388608, -8388608, -8326185, -7098627, 1799754, -8388608]
[-8388608, -8388608, -8388608, -8388608, -8300075, -7019255, 1820326, -8388608]
[-8388608, -8388608, -8388608, -8388608, -8279992, -6959138, 1824262, -8388608]
[-8388608, -8388608, -8388608, -8388608, -8304104, -7049202, 1760821, -8388608]
[-8388608, -8388608, -8388608, -8388608, -8327053, -7138672, 1703446, -8388608]
[-8388608, -8388608, -8388608, -8388608, -8306493, -7078110, 1716731, -8388608]
[-8388608, -8388608, -8388608, -8388608, -8280467, -6997805, 1730763, -8388608]
[-8388608, -8388608, -8388608, -8388608, -8297919, -7064976, 1677251, -8388608]
[-8388608, -8388608, -8388608, -8388608, -8326266, -7171901, 1611099, -8388608]
[-8388608, -8388608, -8388608, -8388608, -8312545, -7134614, 1614591, -8388608]
[-8388608, -8388608, -8388608, -8388608, -8282005, -7039897, 1635810, -8388608]
[-8388608, -8388608, -8388608, -8388608, -8291575, -7079975, 1593796, -8388608]
[-8388608, -8388608, -8388608, -8388608, -8323550, -7198838, 1521488, -8388608]
[-8388608, -8388608, -8388608, -8388608, -8317753, -7189186, 1512266, -8388608]
[-8388608, -8388608, -8388608, -8388608, -8285486, -7088337, 1538015, -8388608]
[-8388608, -8388608, -8388608, -8388608, -8286797, -7099983, 1509084, -8388608]
[-8388608, -8388608, -8388608, -8388608, -8319877, -7221929, 1434512, -8388608]
[-8388608, -8388608, -8388608, -8388608, -8322252, -7240639, 1411813, -8388608]
[-8388608, -8388608, -8388608, -8388608, -8290285, -7141159, 1438708, -8388608]
[-8388608, -8388608, -8388608, -8388608, -8283311, -7124656, 1422881, -8388608]
[-8388608, -8388608, -8388608, -8388608, -8314668, -7240771, 1349829, -8388608]
[-8388608, -8388608, -8388608, -8388608, -8325157, -7287527, 1313372, -8388608]
[-8388608, -8388608, -8388608, -8388608, -8296014, -7197039, 1338168, -8388608]
[-8388608, -8388608, -8388608, -8388608, -8280980, -7153259, 1335008, -8388608]
[-8388608, -8388608, -8388608, -8388608, -8308703, -7256251, 1266773, -8388608]
[-8388608, -8388608, -8388608, -8388608, -8326908, -7329421, 1217523, -8388608]
[-8388608, -8388608, -8388608, -8388608, -8302426, -7254961, 1236668, -8388608]
[-8388608, -8388608, -8388608, -8388608, -8280029, -7187115, 1244534, -8388608]
[-8388608, -8388608, -8388608, -8388608, -8301939, -7270287, 1184245, -8388608]
[-8388608, -8388608, -8388608, -8388608, -8326977, -7366419, 1123991, -8388608]
[-8388608, -8388608, -8388608, -8388608, -8308519, -7312660, 1134890, -8388608]
[-8388608, -8388608, -8388608, -8388608, -8280726, -7226450, 1151908, -8388608]
[-8388608, -8388608, -8388608, -8388608, -8295837, -7285581, 1101904, -8388608]
[-8388608, -8388608, -8388608, -8388608, -8325780, -7397792, 1033503, -8388608]
[-8388608, -8388608, -8388608, -8388608, -8314451, -7369102, 1033322, -8388608]
[-8388608, -8388608, -8388608, -8388608, -8283090, -7271434, 1056831, -8388608]
[-8388608, -8388608, -8388608, -8388608, -8290305, -7303212, 1019159, -8388608]
[-8388608, -8388608, -8388608, -8388608, -8322954, -7423852, 946128, -8388608]
[-8388608, -8388608, -8388608, -8388608, -8319598, -7422182, 933500, -8388608]
[-8388608, -8388608, -8388608, -8388608, -8287073, -7320463, 960368, -8388608]
[-8388608, -8388608, -8388608, -8388608, -8285645, -7323006, 935859, -8388608]
[-8388608, -8388608, -8388608, -8388608, -8318477, -7443959, 861485, -8388608]
[-8388608, -8388608, -8388608, -8388608, -8323534, -7471641, 834577, -8388608]
[-8388608, -8388608, -8388608, -8388608, -8292192, -7374188, 861340, -8388608]
[-8388608, -8388608, -8388608, -8388608, -8282580, -7348889, 849789, -8388608]
[-8388608, -8388608, -8388608, -8388608, -8313081, -7461594, 778016, -8388608]
[-8388608, -8388608, -8388608, -8388608, -8326142, -7516791, 737725, -8388608]
[-8388608, -8388608, -8388608, -8388608, -8298233, -7430689, 761234, -8388608]
[-8388608, -8388608, -8388608, -8388608, -8280814, -7379172, 761911, -8388608]
[-8388608, -8388608, -8388608, -8388608, -8307150, -7476950, 696004, -8388608]
[-8388608, -8388608, -8388608, -8388608, -8327514, -7557282, 643421, -8388608]
[-8388608, -8388608, -8388608, -8388608, -8304556, -7488394, 660707, -8388608]
[-8388608, -8388608, -8388608, -8388608, -8280535, -7414764, 671973, -8388608]
[-8388608, -8388608, -8388608, -8388608, -8300524, -7490727, 615014, -8388608]
[-8388608, -8388608, -8388608, -8388608, -8327102, -7591631, 552171, -8388608]
[-8388608, -8388608, -8388608, -8388608, -8310870, -7545266, 559850, -8388608]
[-8388608, -8388608, -8388608, -8388608, -8281765, -7454819, 579273, -8388608]
[-8388608, -8388608, -8388608, -8388608, -8294439, -7505531, 533169, -8388608]
[-8388608, -8388608, -8388608, -8388608, -8325634, -7621318, 463003, -8388608]
[-8388608, -8388608, -8388608, -8388608, -8316844, -7601122, 459015, -8388608]
[-8388608, -8388608, -8388608, -8388608, -8284879, -7501427, 484008, -8388608]
[-8388608, -8388608, -8388608, -8388608, -8289276, -7524065, 450507, -8388608]
[-8388608, -8388608, -8388608, -8388608, -8322122, -7645574, 376748, -8388608]
[-8388608, -8388608, -8388608, -8388608, -8321427, -7653104, 359683, -8388608]
[-8388608, -8388608, -8388608, -8388608, -8289228, -7552080, 386938, -8388608]
[-8388608, -8388608, -8388608, -8388608, -8285285, -7545947, 366582, -8388608]
[-8388608, -8388608, -8388608, -8388608, -8317591, -7665281, 292621, -8388608]
[-8388608, -8388608, -8388608, -8388608, -8325012, -7701261, 261617, -8388608]
[-8388608, -8388608, -8388608, -8388608, -8294667, -7606562, 287808, -8388608]
[-8388608, -8388608, -8388608, -8388608, -8282563, -7572699, 280181, -8388608]
[-8388608, -8388608, -8388608, -8388608, -8312034, -7679702, 210013, -8388608]
[-8388608, -8388608, -8388608, -8388608, -8327276, -7740387, 165733, -8388608]
[-8388608, -8388608, -8388608, -8388608, -8300899, -7660893, 187598, -8388608]
[-8388608, -8388608, -8388608, -8388608, -8281176, -7602174, 191654, -8388608]
[-8388608, -8388608, -8388608, -8388608, -8305626, -7689822, 128012, -8388608]
[-8388608, -8388608, -8388608, -8388608, -8328226, -7765961, 71191, -8388608]
[-8388608, -8388608, -8388608, -8388608, -8307351, -7706139, 85018, -8388608]
[-8388608, -8388608, -8388608, -8388608, -8281574, -7629553, 99018, -8388608]
[-8388608, -8388608, -8388608, -8388608, -8299562, -7694874, 45302, -8388608]
[-8388608, -8388608, -8388608, -8388608, -8327784, -7787500, -20766, -8388608]
[-8388608, -8388608, -8388608, -8388608, -8313593, -7745932, -17181, -8388608]
[-8388608, -8388608, -8388608, -8388608, -8283423, -7657464, 4339, -8388608]
[-8388608, -8388608, -8388608, -8388608, -8293649, -7697254, -37906, -8388608]
[-8388608, -8388608, -8388608, -8388608, -8325457, -7801951, -110187, -8388608]
[-8388608, -8388608, -8388608, -8388608, -8318972, -7783532, -119116, -8388608]
[-8388608, -8388608, -8388608, -8388608, -8286665, -7688345, -93381, -8388608]
[-8388608, -8388608, -8388608, -8388608, -8288524, -7701207, -122654, -8388608]
[-8388608, -8388608, -8388608, -8388608, -8321609, -7809887, -197329, -8388608]
[-8388608, -8388608, -8388608, -8388608, -8323441, -7817351, -219967, -8388608]
[-8388608, -8388608, -8388608, -8388608, -8291436, -7721677, -193304, -8388608]
[-8388608, -8388608, -8388608, -8388608, -8285020, -7708504, -209542, -8388608]
[-8388608, -8388608, -8388608, -8388608, -8316641, -7812404, -282920, -8388608]
[-8388608, -8388608, -8388608, -8388608, -8326587, -7846454, -319186, -8388608]
[-8388608, -8388608, -8388608, -8388608, -8297106, -7756157, -294831, -8388608]
[-8388608, -8388608, -8388608, -8388608, -8282741, -7718245, -298576, -8388608]
[-8388608, -8388608, -8388608, -8388608, -8310982, -7810892, -367276, -8388608]
[-8388608, -8388608, -8388608, -8388608, -8328473, -7870302, -416452, -8388608]
[-8388608, -8388608, -8388608, -8388608, -8303422, -7791604, -397467, -8388608]
[-8388608, -8388608, -8388608, -8388608, -8281542, -7730261, -390203, -8388608]
[-8388608, -8388608, -8388608, -8388608, -8304259, -7804925, -451151, -8388608]
[-8388608, -8388608, -8388608, -8388608, -8328931, -7887400, -511557, -8388608]
[-8388608, -8388608, -8388608, -8388608, -8310000, -7826513, -500814, -8388608]
[-8388608, -8388608, -8388608, -8388608, -8282701, -7745842, -484546, -8388608]
[-8388608, -8388608, -8388608, -8388608, -8298302, -7797856, -535206, -8388608]
[-8388608, -8388608, -8388608, -8388608, -8327674, -7896701, -603754, -8388608]
[-8388608, -8388608, -8388608, -8388608, -8315763, -7858791, -604045, -8388608]
[-8388608, -8388608, -8388608, -8388608, -8284829, -7762691, -581582, -8388608]
[-8388608, -8388608, -8388608, -8388608, -8292848, -7789341, -620493, -8388608]
[-8388608, -8388608, -8388608, -8388608, -8325144, -7897916, -694072, -8388608]
[-8388608, -8388608, -8388608, -8388608, -8321027, -7886113, -706842, -8388608]
[-8388608, -8388608, -8388608, -8388608, -8288539, -7781051, -680813, -8388608]
[-8388608, -8388608, -8388608, -8388608, -8288031, -7780499, -706641, -8388608]
[-8388608, -8388608, -8388608, -8388608, -8320856, -7890557, -781483, -8388608]
[-8388608, -8388608, -8388608, -8388608, -8325222, -7907554, -807787, -8388608]
[-8388608, -8388608, -8388608, -8388608, -8293707, -7804344, -781436, -8388608]
[-8388608, -8388608, -8388608, -8388608, -8284663, -7775479, -794332, -8388608]
[-8388608, -8388608, -8388608, -8388608, -8315683, -7878799, -867062, -8388608]
[-8388608, -8388608, -8388608, -8388608, -8327962, -7923667, -907009, -8388608]
[-8388608, -8388608, -8388608, -8388608, -8299495, -7829455, -883460, -8388608]
[-8388608, -8388608, -8388608, -8388608, -8282565, -7773761, -884078, -8388608]
[-8388608, -8388608, -8388608, -8388608, -8309231, -7862804, -951022, -8388608]
[-8388608, -8388608, -8388608, -8388608, -8329137, -7933439, -1003279, -8388608]
[-8388608, -8388608, -8388608, -8388608, -8305815, -7855521, -986082, -8388608]
[-8388608, -8388608, -8388608, -8388608, -8281956, -7776055, -976087, -8388608]
[-8388608, -8388608, -8388608, -8388608, -8302612, -7845136, -1034234, -8388608]
[-8388608, -8388608, -8388608, -8388608, -8328778, -7936474, -1096557, -8388608]
[-8388608, -8388608, -8388608, -8388608, -8312037, -7880487, -1088406, -8388608]
[-8388608, -8388608, -8388608, -8388608, -8283333, -7783561, -1070274, -8388608]
[-8388608, -8388608, -8388608, -8388608, -8296405, -7827450, -1117434, -8388608]
[-8388608, -8388608, -8388608, -8388608, -8326920, -7933339, -1186999, -8388608]
[-8388608, -8388608, -8388608, -8388608, -8317593, -7903296, -1190418, -8388608]
[-8388608, -8388608, -8388608, -8388608, -8286078, -7796806, -1166439, -8388608]
[-8388608, -8388608, -8388608, -8388608, -8291241, -7813611, -1201297, -8388608]
[-8388608, -8388608, -8388608, -8388608, -8323596, -7925814, -1274822, -8388608]
[-8388608, -8388608, -8388608, -8388608, -8321961, -7923045, -1291072, -8388608]
[-8388608, -8388608, -8388608, -8388608, -8289699, -7814656, -1264521, -8388608]
[-8388608, -8388608, -8388608, -8388608, -8286782, -7803457, -1286450, -8388608]
[-8388608, -8388608, -8388608, -8388608, -8319005, -7914388, -1360410, -8388608]
[-8388608, -8388608, -8388608, -8388608, -8325537, -7939714, -1390438, -8388608]
[-8388608, -8388608, -8388608, -8388608, -8295209, -7836994, -1364639, -8388608]
[-8388608, -8388608, -8388608, -8388608, -8283738, -7797428, -1373665, -8388608]
[-8388608, -8388608, -8388608, -8388608, -8313384, -7898831, -1444310, -8388608]
[-8388608, -8388608, -8388608, -8388608, -8327946, -7952099, -1487981, -8388608]
[-8388608, -8388608, -8388608, -8388608, -8301049, -7862056, -1466193, -8388608]
[-8388608, -8388608, -8388608, -8388608, -8282138, -7797549, -1463513, -8388608]
[-8388608, -8388608, -8388608, -8388608, -8306908, -7881936, -1527744, -8388608]
[-8388608, -8388608, -8388608, -8388608, -8328727, -7959697, -1583196, -8388608]
[-8388608, -8388608, -8388608, -8388608, -8307544, -7888837, -1568778, -8388608]
[-8388608, -8388608, -8388608, -8388608, -8282380, -7803299, -1556227, -8388608]
[-8388608, -8388608, -8388608, -8388608, -8300802, -7865616, -1611219, -8388608]
[-8388608, -8388608, -8388608, -8388608, -8328222, -7962277, -1676237, -8388608]
[-8388608, -8388608, -8388608, -8388608, -8313675, -7914626, -1671768, -8388608]
[-8388608, -8388608, -8388608, -8388608, -8284131, -7814859, -1651759, -8388608]
[-8388608, -8388608, -8388608, -8388608, -8295024, -7851466, -1695409, -8388608]
[-8388608, -8388608, -8388608, -8388608, -8326524, -7961127, -1766989, -8388608]
[-8388608, -8388608, -8388608, -8388608, -8319403, -7939439, -1774306, -8388608]
[-8388608, -8388608, -8388608, -8388608, -8287282, -7831561, -1749275, -8388608]
[-8388608, -8388608, -8388608, -8388608, -8289806, -7839837, -1780072, -8388608]
[-8388608, -8388608, -8388608, -8388608, -8322841, -7953511, -1854194, -8388608]
[-8388608, -8388608, -8388608, -8388608, -8323928, -7959925, -1874815, -8388608]
[-8388608, -8388608, -8388608, -8388608, -8291845, -7852389, -1848015, -8388608]
[-8388608, -8388608, -8388608, -8388608, -8286056, -7832359, -1865785, -8388608]
[-8388608, -8388608, -8388608, -8388608, -8317794, -7941503, -1939102, -8388608]
[-8388608, -8388608, -8388608, -8388608, -8326992, -7976186, -1973334, -8388608]
[-8388608, -8388608, -8388608, -8388608, -8297521, -7877039, -1948380, -8388608]
[-8388608, -8388608, -8388608, -8388608, -8283548, -7829389, -1953372, -8388608]
[-8388608, -8388608, -8388608, -8388608, -8311686, -7925856, -2022142, -8388608]
[-8388608, -8388608, -8388608, -8388608, -8328746, -7987556, -2069539, -8388608]
[-8388608, -8388608, -8388608, -8388608, -8303468, -7903116, -2049654, -8388608]
[-8388608, -8388608, -8388608, -8388608, -8282369, -7831349, -2043491, -8388608]
[-8388608, -8388608, -8388608, -8388608, -8305459, -7909679, -2104763, -8388608]
[-8388608, -8388608, -8388608, -8388608, -8329241, -7994204, -2163066, -8388608]
[-8388608, -8388608, -8388608, -8388608, -8309892, -7929979, -2150879, -8388608]
[-8388608, -8388608, -8388608, -8388608, -8283036, -7838946, -2134933, -8388608]
[-8388608, -8388608, -8388608, -8388608, -8299089, -7893329, -2185864, -8388608]
[-8388608, -8388608, -8388608, -8388608, -8328127, -7994913, -2252622, -8388608]
[-8388608, -8388608, -8388608, -8388608, -8315804, -7955045, -2251059, -8388608]
[-8388608, -8388608, -8388608, -8388608, -8285160, -7851424, -2228549, -8388608]
[-8388608, -8388608, -8388608, -8388608, -8293456, -7879089, -2267637, -8388608]
[-8388608, -8388608, -8388608, -8388608, -8325331, -7990011, -2339449, -8388608]
[-8388608, -8388608, -8388608, -8388608, -8320842, -7977251, -2350385, -8388608]
[-8388608, -8388608, -8388608, -8388608, -8288696, -7868928, -2324074, -8388608]
[-8388608, -8388608, -8388608, -8388608, -8288783, -7868217, -2350215, -8388608]
[-8388608, -8388608, -8388608, -8388608, -8321454, -7981117, -2423817, -8388608]
[-8388608, -8388608, -8388608, -8388608, -8324839, -7996114, -2448024, -8388608]
[-8388608, -8388608, -8388608, -8388608, -8293295, -7889954, -2420686, -8388608]
[-8388608, -8388608, -8388608, -8388608, -8284934, -7860739, -2433664, -8388608]
[-8388608, -8388608, -8388608, -8388608, -8315953, -7966692, -2505251, -8388608]
[-8388608, -8388608, -8388608, -8388608, -8327701, -8010032, -2542907, -8388608]
[-8388608, -8388608, -8388608, -8388608, -8299106, -7914414, -2518191, -8388608]
[-8388608, -8388608, -8388608, -8388608, -8282547, -7857906, -2518494, -8388608]
[-8388608, -8388608, -8388608, -8388608, -8309334, -7948896, -2584304, -8388608]
[-8388608, -8388608, -8388608, -8388608, -8328743, -8018543, -2634453, -8388608]
[-8388608, -8388608, -8388608, -8388608, -8305072, -7939536, -2615482, -8388608]
[-8388608, -8388608, -8388608, -8388608, -8282031, -7860587, -2604558, -8388608]
[-8388608, -8388608, -8388608, -8388608, -8302911, -7930982, -2661464, -8388608]
[-8388608, -8388608, -8388608, -8388608, -8328481, -8021104, -2721614, -8388608]
[-8388608, -8388608, -8388608, -8388608, -8311211, -7963751, -2711456, -8388608]
[-8388608, -8388608, -8388608, -8388608, -8282890, -7867532, -2692091, -8388608]
[-8388608, -8388608, -8388608, -8388608, -8296526, -7913490, -2738634, -8388608]
[-8388608, -8388608, -8388608, -8388608, -8326702, -8019044, -2806905, -8388608]
[-8388608, -8388608, -8388608, -8388608, -8316719, -7987437, -2808561, -8388608]
[-8388608, -8388608, -8388608, -8388608, -8285219, -7881434, -2784050, -8388608]
[-8388608, -8388608, -8388608, -8388608, -8291156, -7900866, -2819319, -8388608]
[-8388608, -8388608, -8388608, -8388608, -8323833, -8014412, -2893105, -8388608]
[-8388608, -8388608, -8388608, -8388608, -8321762, -8010902, -2908395, -8388608]
[-8388608, -8388608, -8388608, -8388608, -8289583, -7902133, -2880856, -8388608]
[-8388608, -8388608, -8388608, -8388608, -8286734, -7892005, -2902615, -8388608]
[-8388608, -8388608, -8388608, -8388608, -8319084, -8003972, -2976252, -8388608]
[-8388608, -8388608, -8388608, -8388608, -8325446, -8029420, -3004961, -8388608]
[-8388608, -8388608, -8388608, -8388608, -8294720, -7925932, -2977847, -8388608]
[-8388608, -8388608, -8388608, -8388608, -8283772, -7887634, -2986307, -8388608]
[-8388608, -8388608, -8388608, -8388608, -8313643, -7989919, -3056535, -8388608]
[-8388608, -8388608, -8388608, -8388608, -8327946, -8042636, -3098666, -8388608]
[-8388608, -8388608, -8388608, -8388608, -8300678, -7951609, -3075270, -8388608]
[-8388608, -8388608, -8388608, -8386929, -8281997, -7887681, -3071743, -8388608]
[-8388608, -8388608, -8388608, -8388608, -8307120, -7973054, -3135173, -8388608]
[-8388608, -8388608, -8388608, -8388608, -8328518, -8050195, -3189054, -8388608]
[-8388608, -8388608, -8388608, -8388608, -8306836, -7977882, -3172502, -8388608]
[-8388608, -8388608, -8388608, -8386989, -8281844, -7892362, -3158213, -8388608]
[-8388608, -8388608, -8388608, -8388608, -8300516, -7955243, -3211891, -8388608]
[-8388608, -8388608, -8388608, -8388608, -8327901, -8051674, -3274851, -8388608]
[-8388608, -8388608, -8388608, -8388608, -8312825, -8002101, -3267603, -8388608]
[-8388608, -8388608, -8388608, -8388608, -8283000, -7900617, -3245032, -8388608]
[-8388608, -8388608, -8388608, -8388608, -8294020, -7937161, -3286801, -8388608]
[-8388608, -8388608, -8388608, -8388608, -8325284, -8046007, -3356031, -8388608]
[-8388608, -8388608, -8388608, -8388608, -8317761, -8022829, -3360462, -8388608]
[-8388608, -8388608, -8388608, -8388608, -8285579, -7913437, -3332453, -8388608]
[-8388608, -8388608, -8388608, -8388608, -8288594, -7921669, -3361002, -8388608]
[-8388608, -8388608, -8388608, -8388608, -8321367, -8034462, -3432596, -8388608]
[-8388608, -8388608, -8388608, -8388608, -8321779, -8038829, -3449704, -8388608]
[-8388608, -8388608, -8388608, -8388608, -8289644, -7929441, -3419447, -8388608]
[-8388608, -8388608, -8388608, -8387252, -8284116, -7908926, -3434292, -8388608]
[-8388608, -8388608, -8388608, -8388608, -8315685, -8017109, -3504934, -8388608]
[-8388608, -8388608, -8388608, -8388608, -8324396, -8050321, -3536080, -8388608]
[-8388608, -8388608, -8388608, -8388608, -8294394, -7948817, -3507677, -8388608]
[-8388608, -8388608, -8388608, -8382871, -8280536, -7900009, -3509749, -8388608]
[-8388608, -8388608, -8388608, -8388608, -8308826, -7996242, -3576309, -8388608]
[-8388608, -8388608, -8388608, -8388608, -8325739, -8057168, -3620715, -8388608]
[-8388608, -8388608, -8388608, -8388608, -8300279, -7970802, -3597308, -8388608]
[-8388608, -8388608, -8388608, -8381218, -8279145, -7898099, -3588084, -8388608]
[-8388608, -8388608, -8388608, -8388608, -8302197, -7976124, -3647225, -8388608]
[-8388608, -8388608, -8388608, -8388608, -8325880, -8060354, -3703238, -8388608]
[-8388608, -8388608, -8388608, -8388608, -8306114, -7994263, -3688122, -8388608]
[-8388608, -8388608, -8388608, -8381401, -8279176, -7901987, -3669582, -8388608]
[-8388608, -8388608, -8388608, -8388608, -8295496, -7956711, -3718804, -8388608]
[-8388608, -8388608, -8388608, -8388608, -8324402, -8058217, -3783642, -8388608]
[-8388608, -8388608, -8388608, -8388608, -8311770, -8016946, -3779391, -8388608]
[-8388608, -8388608, -8388608, -8383786, -8280972, -7912026, -3754089, -8388608]
[-8388608, -8388608, -8388608, -8388608, -8289494, -7939796, -3791587, -8388608]
[-8388608, -8388608, -8388608, -8388608, -8321557, -8051779, -3862349, -8388608]
[-8388608, -8388608, -8388608, -8388608, -8316743, -8038034, -3870905, -8388608]
[-8388608, -8388608, -8388608, -8387981, -8284281, -7927820, -3841857, -8388608]
[-8388608, -8388608, -8388608, -8385100, -8284619, -7927327, -3866336, -8388608]
[-8388608, -8388608, -8388608, -8388608, -8317442, -8040571, -3938595, -8388608]
[-8388608, -8388608, -8388608, -8388608, -8320757, -8055423, -3960788, -8388608]
[-8388608, -8388608, -8388608, -8388608, -8289006, -7947674, -3931036, -8388608]
[-8388608, -8388608, -8388608, -8380019, -8280646, -7918052, -3942156, -8388608]
[-8388608, -8388608, -8388608, -8388608, -8311735, -8024784, -4012654, -8388608]
[-8388608, -8388608, -8388608, -8388608, -8323251, -8068253, -4048662, -8388608]
[-8388608, -8388608, -8388608, -8388608, -8294571, -7970946, -4021670, -8388608]
[-8388608, -8388608, -8388608, -8377226, -8278450, -7914732, -4020276, -8388608]
[-8388608, -8388608, -8388608, -8388608, -8305550, -8006811, -4085204, -8388608]
[-8388608, -8388608, -8388608, -8388608, -8324535, -8076330, -4133887, -8388608]
[-8388608, -8388608, -8388608, -8388608, -8300764, -7995634, -4112927, -8388608]
[-8388608, -8388608, -8388608, -8376331, -8277707, -7916152, -4100504, -8388608]
[-8388608, -8388608, -8388608, -8388608, -8298744, -7987309, -4156614, -8388608]
[-8388608, -8388608, -8388608, -8388608, -8324157, -8078569, -4216126, -8388608]
[-8388608, -8388608, -8388608, -8388608, -8306639, -8019899, -4204271, -8388608]
[-8388608, -8388608, -8388608, -8376939, -8278151, -7922493, -4183058, -8388608]
[-8388608, -8388608, -8388608, -8388608, -8291966, -7968622, -4228403, -8388608]
[-8388608, -8388608, -8388608, -8388608, -8322223, -8075646, -4295551, -8388608]
[-8388608, -8388608, -8388608, -8388608, -8311949, -8042900, -4295031, -8388608]
[-8388608, -8388608, -8388608, -8379709, -8280331, -7934653, -4267613, -8388608]
[-8388608, -8388608, -8388608, -8384126, -8286378, -7953529, -4300527, -8388608]
[-8388608, -8388608, -8388608, -8388608, -8319074, -8067752, -4372000, -8388608]
[-8388608, -8388608, -8388608, -8388608, -8316736, -8063109, -4384575, -8388608]
[-8388608, -8388608, -8388608, -8384489, -8284176, -7951610, -4354271, -8388608]
[-8388608, -8388608, -8388608, -8377859, -8281577, -7940954, -4373751, -8388608]
[-8388608, -8388608, -8388608, -8388608, -8314146, -8053718, -4445664, -8388608]
[-8388608, -8388608, -8388608, -8388608, -8320226, -8078703, -4472124, -8388608]
[-8388608, -8388608, -8388608, -8388608, -8289179, -7972518, -4442468, -8388608]
[-8388608, -8388608, -8388608, -8373494, -8278227, -7933628, -4448982, -8388608]
[-8388608, -8388608, -8388608, -8388608, -8308150, -8036817, -4517872, -8388608]
[-8388608, -8388608, -8388608, -8388608, -8322134, -8090182, -4558069, -8388608]
[-8388608, -8388608, -8388608, -8388608, -8294918, -7996600, -4532184, -8388608]
[-8388608, -8388608, -8388608, -8371149, -8276402, -7931630, -4526336, -8388608]
[-8388608, -8388608, -8388608, -8388608, -8301634, -8017639, -4588426, -8388608]
[-8388608, -8388608, -8388608, -8388608, -8323265, -8096664, -4640781, -8388608]
[-8388608, -8388608, -8388608, -8388608, -8301331, -8021913, -4622177, -8388608]
[-8388608, -8388608, -8388608, -8370794, -8276153, -7935004, -4606185, -8388608]
[-8388608, -8388608, -8388608, -8388608, -8295004, -7998786, -4659134, -8388608]
[-8388608, -8388608, -8388608, -8388608, -8322136, -8097414, -4721436, -8388608]
[-8388608, -8388608, -8388608, -8388608, -8306835, -8046209, -4712674, -8388608]
[-8388608, -8388608, -8388608, -8371934, -8277078, -7943260, -4688617, -8388608]
[-8388608, -8388608, -8388608, -8383143, -8288338, -7980607, -4729911, -8388608]
[-8388608, -8388608, -8388608, -8388608, -8319706, -8092561, -4798973, -8388608]
[-8388608, -8388608, -8388608, -8388608, -8312114, -8069121, -4802356, -8388608]
[-8388608, -8388608, -8388608, -8375491, -8279974, -7957717, -4773345, -8388608]
[-8388608, -8388608, -8388608, -8376189, -8283131, -7966749, -4801757, -8388608]
[-8388608, -8388608, -8388608, -8388608, -8316054, -8082529, -4873726, -8388608]
[-8388608, -8388608, -8388608, -8388608, -8316498, -8088662, -4890702, -8388608]
[-8388608, -8388608, -8388608, -8380660, -8284207, -7976726, -4859890, -8388608]
[-8388608, -8388608, -8388608, -8370609, -8278891, -7956618, -4875031, -8388608]
[-8388608, -8388608, -8388608, -8388608, -8310959, -8068171, -4946488, -8388608]
[-8388608, -8388608, -8388608, -8388608, -8319626, -8104344, -4977771, -8388608]
[-8388608, -8388608, -8388608, -8387047, -8289501, -8000249, -4949112, -8388608]
[-8388608, -8388608, -8388608, -8366851, -8276039, -7952114, -4951461, -8388608]
[-8388608, -8388608, -8388608, -8388608, -8304678, -8051044, -5018792, -8388608]
[-8388608, -8388608, -8388608, -8388608, -8321399, -8115979, -5063831, -8388608]
[-8388608, -8388608, -8388608, -8388608, -8295787, -8027394, -5040631, -8388608]
[-8388608, -8388608, -8388608, -8365568, -8275174, -7954364, -5031887, -8388608]
[-8388608, -8388608, -8388608, -8388608, -8298455, -8034384, -5092178, -8388608]
[-8388608, -8388608, -8388608, -8388608, -8322081, -8123517, -5149236, -8388608]
[-8388608, -8388608, -8388608, -8388608, -8302300, -8057053, -5134824, -8388608]
[-8388608, -8388608, -8388608, -8365987, -8275567, -7963347, -5116969, -8388608]
[-8388608, -8388608, -8388608, -8384222, -8292179, -8019524, -5167393, -8388608]
[-8388608, -8388608, -8388608, -8388608, -8321331, -8126126, -5233643, -8388608]
[-8388608, -8388608, -8388608, -8388608, -8308532, -8086884, -5230072, -8388608]
[-8388608, -8388608, -8388608, -8368873, -8277944, -7978957, -5205469, -8388608]
[-8388608, -8388608, -8388608, -8376896, -8286778, -8007734, -5243996, -8388608]
[-8388608, -8388608, -8388608, -8388608, -8319042, -8122339, -5315918, -8388608]
[-8388608, -8388608, -8388608, -8388608, -8314119, -8114306, -5325390, -8388608]
[-8388608, -8388608, -8388608, -8373461, -8281676, -8000661, -5296983, -8388608]
[-8388608, -8388608, -8388608, -8370761, -8282195, -7999787, -5322486, -8388608]
[-8388608, -8388608, -8388608, -8388608, -8315178, -8112194, -5396322, -8388608]
[-8388608, -8388608, -8388608, -8388608, -8318465, -8134227, -5419834, -8388608]
[-8388608, -8388608, -8388608, -8379526, -8286667, -8027268, -5391067, -8388608]
[-8388608, -8388608, -8388608, -8366084, -8278631, -7996368, -5403290, -8388608]
[-8388608, -8388608, -8388608, -8388608, -8309918, -8099253, -5475319, -8388608]
[-8388608, -8388608, -8388608, -8388608, -8321591, -8145903, -5513103, -8388608]
[-8388608, -8388608, -8388608, -8386898, -8292837, -8057672, -5487616, -8388608]
[-8388608, -8388608, -8388608, -8363866, -8277005, -7999435, -5487569, -8388608]
[-8388608, -8388608, -8388608, -8388608, -8304227, -8086742, -5554246, -8388608]
[-8388608, -8388608, -8388608, -8388608, -8323512, -8150949, -5604669, -8388608]
[-8388608, -8388608, -8388608, -8388608, -8299670, -8087321, -5585056, -8388608]
[-8388608, -8388608, -8388608, -8363280, -8276576, -8007154, -5573903, -8388608]
[-8388608, -8388608, -8388608, -8387901, -8298002, -8073781, -5632052, -8388608]
[-8388608, -8388608, -8388608, -8388608, -8323754, -8151069, -5693260, -8388608]
[-8388608, -8388608, -8388608, -8388608, -8306331, -8112614, -5682766, -8388608]
[-8388608, -8388608, -8388608, -8364794, -8277820, -8020680, -5662626, -8388608]
[-8388608, -8388608, -8388608, -8379776, -8292026, -8062392, -5709655, -8388608]
[-8388608, -8388608, -8388608, -8388608, -8322597, -8147918, -5778634, -8388608]
[-8388608, -8388608, -8388608, -8388608, -8312436, -8132147, -5779537, -8388608]
[-8388608, -8388608, -8388608, -8368294, -8280632, -8038996, -5753421, -8388608]
[-8388608, -8388608, -8388608, -8372667, -8286632, -8053896, -5787674, -8388608]
[-8388608, -8388608, -8388608, -8388608, -8319658, -8142222, -5860867, -8388608]
[-8388608, -8388608, -8388608, -8388608, -8317590, -8145800, -5875054, -8388608]
[-8388608, -8388608, -8388608, -8373836, -8285111, -8061524, -5846152, -8388608]
[-8388608, -8388608, -8388608, -8367542, -8282726, -8049714, -5867122, -8388608]
[-8388608, -8388608, -8388608, -8388608, -8315604, -8135096, -5940461, -8388608]
[-8388608, -8388608, -8388608, -8388608, -8321580, -8154177, -5968404, -8388608]
[-8388608, -8388608, -8388608, -8380443, -8290455, -8085247, -5940054, -8388608]
[-8388608, -8388608, -8388608, -8363640, -8279640, -8049251, -5947869, -8388608]
[-8388608, -8388608, -8388608, -8388608, -8309946, -8126124, -6018297, -8388608]
[-8388608, -8388608, -8388608, -8388608, -8324127, -8158511, -6059841, -8388608]
[-8388608, -8388608, -8388608, -8388026, -8296697, -8107877, -6035159, -8388608]
[-8388608, -8388608, -8388608, -8361691, -8278076, -8053621, -6030482, -8388608]
[-8388608, -8388608, -8388608, -8388608, -8303582, -8116602, -6093835, -8388608]
[-8388608, -8388608, -8388608, -8388608, -8325196, -8159934, -6147355, -8388608]
[-8388608, -8388608, -8388608, -8388608, -8303181, -8126781, -6129419, -8388608]
[-8388608, -8388608, -8388608, -8361690, -8277999, -8061935, -6113924, -8388608]
[-8388608, -8388608, -8388608, -8383101, -8296996, -8107159, -6167688, -8388608]
[-8388608, -8388608, -8388608, -8388608, -8324441, -8159059, -6230691, -8388608]
[-8388608, -8388608, -8388608, -8388608, -8309289, -8141122, -6222449, -8388608]
[-8388608, -8388608, -8388608, -8363719, -8279584, -8074159, -6198771, -8388608]
[-8388608, -8388608, -8388608, -8375129, -8290981, -8098807, -6240463, -8388608]
[-8388608, -8388608, -8388608, -8388608, -8322413, -8156790, -6310009, -8388608]
[-8388608, -8388608, -8388608, -8388608, -8314716, -8151151, -6313829, -8388608]
[-8388608, -8388608, -8388608, -8367519, -8282526, -8089631, -6285222, -8388608]
[-8388608, -8388608, -8388608, -8368225, -8285627, -8092850, -6313959, -8388608]
[-8388608, -8388608, -8388608, -8388608, -8318617, -8152827, -6386560, -8388608]
[-8388608, -8388608, -8388608, -8388608, -8319147, -8157543, -6404097, -8388608]
[-8388608, -8388608, -8388608, -8373023, -8286924, -8106185, -6373686, -8388608]
[-8388608, -8388608, -8388608, -8363043, -8281584, -8090003, -6388940, -8388608]
[-8388608, -8388608, -8388608, -8388608, -8313716, -8147769, -6460519, -8388608]
[-8388608, -8388608, -8388608, -8388608, -8322471, -8161459, -6491755, -8388608]
[-8388608, -8388608, -8388608, -8379887, -8292474, -8122366, -6462962, -8388608]
[-8388608, -8388608, -8388608, -8359908, -8279059, -8091591, -6465243, -8388608]
[-8388608, -8388608, -8388608, -8388608, -8307814, -8141997, -6532386, -8388608]
[-8388608, -8388608, -8388608, -8388608, -8324178, -8163251, -6576842, -8388608]
[-8388608, -8388608, -8388608, -8387079, -8298347, -8135819, -6552618, -8388608]
[-8388608, -8388608, -8388608, -8357784, -8277262, -8094947, -6542719, -8388608]
[-8388608, -8388608, -8388608, -8385067, -8300612, -8134896, -6601717, -8388608]
[-8388608, -8388608, -8388608, -8388608, -8324266, -8163608, -6657656, -8388608]
[-8388608, -8388608, -8388608, -8388608, -8304554, -8146441, -6641732, -8388608]
[-8388608, -8388608, -8388608, -8358448, -8277732, -8102957, -6622423, -8388608]
[-8388608, -8388608, -8388608, -8376622, -8294296, -8129556, -6671642, -8388608]
[-8388608, -8388608, -8388608, -8388608, -8323233, -8163335, -6737018, -8388608]
[-8388608, -8388608, -8388608, -8388608, -8310413, -8154472, -6732609, -8388608]
[-8388608, -8388608, -8388608, -8360874, -8279595, -8114606, -6706957, -8388608]
[-8388608, -8388608, -8388608, -8368718, -8288282, -8126366, -6744467, -8388608]
[-8388608, -8388608, -8388608, -8388608, -8320468, -8161935, -6815848, -8388608]
[-8388608, -8388608, -8388608, -8388608, -8315621, -8159983, -6824761, -8388608]
[-8388608, -8388608, -8388608, -8365596, -8283380, -8127964, -6795841, -8388608]
[-8388608, -8388608, -8388608, -8362587, -8283573, -8127051, -6820583, -8388608]
[-8388608, -8388608, -8388608, -8388608, -8316642, -8160362, -6893726, -8388608]
[-8388608, -8388608, -8388608, -8388608, -8319967, -8163681, -6916395, -8388608]
[-8388608, -8388608, -8388608, -8371724, -8288276, -8139565, -6886747, -8388608]
[-8388608, -8388608, -8388608, -8358199, -8280124, -8130492, -6898142, -8388608]
[-8388608, -8388608, -8388608, -8388608, -8311324, -8158232, -6969178, -8388608]
[-8388608, -8388608, -8388608, -8388608, -8322902, -8166049, -7005792, -8388608]
[-8388608, -8388608, -8388608, -8379154, -8294361, -8148371, -6979152, -8388608]
[-8388608, -8388608, -8388608, -8355873, -8278288, -8135641, -6978082, -8388608]
[-8388608, -8388608, -8388608, -8388330, -8305307, -8156091, -7043456, -8388608]
[-8388608, -8388608, -8388608, -8388608, -8324556, -8167664, -7092971, -8388608]
[-8388608, -8388608, -8388608, -8387066, -8300874, -8154546, -7072298, -8388608]
[-8388608, -8388608, -8388608, -8355266, -8277746, -8140556, -7060017, -8388608]
[-8388608, -8388608, -8388608, -8379674, -8298871, -8153702, -7116713, -8388608]
[-8388608, -8388608, -8388608, -8388608, -8324537, -8168306, -7176632, -8388608]
[-8388608, -8388608, -8388608, -8388608, -8307094, -8159021, -7164850, -8388608]
[-8388608, -8388608, -8388608, -8356561, -8278702, -8143533, -7143632, -8388608]
[-8388608, -8388608, -8388608, -8371314, -8292624, -8151367, -7189097, -8388608]
[-8388608, -8388608, -8388608, -8388608, -8323134, -8168274, -7256476, -8388608]
[-8388608, -8388608, -8388608, -8388608, -8313056, -8163011, -7255797, -8388608]
[-8388608, -8388608, -8388608, -8359966, -8281357, -8145887, -7228289, -8388608]
[-8388608, -8388608, -8388608, -8364314, -8287309, -8149240, -7261032, -8388608]
[-8388608, -8388608, -8388608, -8388608, -8319949, -8167137, -7332354, -8388608]
[-8388608, -8388608, -8388608, -8388608, -8317722, -8166152, -7344856, -8388608]
[-8388608, -8388608, -8388608, -8364971, -8285270, -8148693, -7314374, -8388608]
[-8388608, -8388608, -8388608, -8358347, -8282630, -8147305, -7333762, -8388608]
[-8388608, -8388608, -8388608, -8388608, -8315006, -8164971, -7405497, -8388608]
[-8388608, -8388608, -8388608, -8388608, -8321213, -8168576, -7431909, -8388608]
[-8388608, -8388608, -8388608, -8371515, -8290476, -8152162, -7401804, -8388608]
[-8388608, -8388608, -8388608, -8354525, -8279580, -8146313, -7407628, -8388608]
[-8388608, -8388608, -8388608, -8388608, -8309512, -8162684, -7476011, -8388608]
[-8388608, -8388608, -8388608, -8388608, -8323628, -8170589, -7515926, -8388608]
[-8388608, -8388608, -8388608, -8378833, -8296426, -8156032, -7489567, -8388608]
[-8388608, -8388608, -8388608, -8352466, -8277903, -8146126, -7483389, -8388608]
[-8388608, -8388608, -8388608, -8382438, -8303077, -8159877, -7545177, -8388608]
[-8388608, -8388608, -8388608, -8388608, -8324601, -8171824, -7597261, -8388608]
[-8388608, -8388608, -8388608, -8386501, -8302820, -8160184, -7577960, -8388608]
[-8388608, -8388608, -8388608, -8352346, -8277726, -8146732, -7561397, -8388608]
[-8388608, -8388608, -8388608, -8373476, -8296429, -8156972, -7613774, -8388608]
[-8388608, -8388608, -8388608, -8388608, -8323887, -8172034, -7675661, -8388608]
[-8388608, -8388608, -8388608, -8388608, -8308864, -8164080, -7666277, -8388608]
[-8388608, -8388608, -8388608, -8354109, -8279015, -8148056, -7641487, -8388608]
[-8388608, -8388608, -8388608, -8365308, -8290204, -8154151, -7681177, -8388608]
[-8388608, -8388608, -8388608, -8388608, -8321639, -8171321, -7739036, -8388608]
[-8388608, -8388608, -8388608, -8388608, -8314182, -8167503, -7738470, -8388608]
[-8388608, -8388608, -8388608, -8357951, -8281971, -8150284, -7714191, -8388608]
[-8388608, -8388608, -8388608, -8358639, -8285080, -8152014, -7733461, -8388608]
[-8388608, -8388608, -8388608, -8388608, -8318024, -8169936, -7782578, -8388608]
[-8388608, -8388608, -8388608, -8388608, -8318415, -8170309, -7786057, -8388608]
[-8388608, -8388608, -8388608, -8363261, -8286123, -8153009, -7754680, -8388608]
[-8388608, -8388608, -8388608, -8353256, -8280850, -8150236, -7759449, -8388608]
[-8388608, -8388608, -8388608, -8388608, -8312919, -8167676, -7810397, -8388608]
[-8388608, -8388608, -8388608, -8388608, -8321736, -8172641, -7826697, -8388608]
[-8388608, -8388608, -8388608, -8370330, -8291810, -8156589, -7786714, -8388608]
[-8388608, -8388608, -8388608, -8350387, -8278526, -8149474, -7778201, -8388608]
[-8388608, -8388608, -8388608, -8385244, -8307130, -8164982, -7829497, -8388608]
[-8388608, -8388608, -8388608, -8388608, -8323626, -8174116, -7860956, -8388608]
[-8388608, -8388608, -8388608, -8377881, -8297959, -8160394, -7824115, -8388608]
[-8388608, -8388608, -8388608, -8348604, -8277026, -8149196, -7801767, -8388608]
[-8388608, -8388608, -8388608, -8376104, -8300434, -8161893, -7848549, -8388608]
[-8388608, -8388608, -8388608, -8388608, -8324130, -8174852, -7892284, -8388608]
[-8388608, -8388608, -8388608, -8385724, -8304519, -8164447, -7864087, -8388608]
[-8388608, -8388608, -8388608, -8349685, -8277789, -8150187, -7832357, -8388608]
[-8388608, -8388608, -8388608, -8368018, -8294412, -8159224, -7868981, -8388608]
[-8388608, -8388608, -8388608, -8388608, -8323519, -8175124, -7921661, -8388608]
[-8388608, -8388608, -8388608, -8388608, -8310835, -8168442, -7904247, -8388608]
[-8388608, -8388608, -8388608, -8352691, -8280091, -8152061, -7865419, -8388608]
[-8388608, -8388608, -8388608, -8360469, -8288694, -8156762, -7889518, -8388608]
[-8388608, -8388608, -8388608, -8388608, -8321044, -8174350, -7947316, -8388608]
[-8388608, -8388608, -8388608, -8388608, -8316362, -8172006, -7942596, -8388608]
[-8388608, -8388608, -8388608, -8357512, -8283857, -8154651, -7899490, -8388608]
[-8388608, -8388608, -8388608, -8354493, -8284061, -8154759, -7910299, -8388608]
[-8388608, -8388608, -8388608, -8388608, -8316889, -8172495, -7969705, -8388608]
[-8388608, -8388608, -8388608, -8388608, -8320232, -8174505, -7978666, -8388608]
[-8388608, -8388608, -8388608, -8363263, -8288366, -8157442, -7934724, -8388608]
[-8388608, -8388608, -8388608, -8349572, -8280146, -8153034, -7931753, -8388608]
[-8388608, -8388608, -8388608, -8388407, -8311504, -8170019, -7988856, -8388608]
[-8388608, -8388608, -8388608, -8388608, -8322805, -8176289, -8011760, -8388608]
[-8388608, -8388608, -8388608, -8370383, -8294111, -8160962, -7970787, -8388608]
[-8388608, -8388608, -8388608, -8346870, -8277934, -8152302, -7955584, -8388608]
[-8388608, -8388608, -8388608, -8379626, -8305139, -8167051, -8007622, -8388608]
[-8388608, -8388608, -8388608, -8388608, -8324349, -8177599, -8044220, -8388608]
[-8388608, -8388608, -8388608, -8378079, -8300442, -8164837, -8009510, -8388608]
[-8388608, -8388608, -8388608, -8346282, -8277356, -8152469, -7983059, -8388608]
[-8388608, -8388608, -8388608, -8371009, -8298751, -8164090, -8026607, -8388608]
[-8388608, -8388608, -8388608, -8388608, -8324618, -8178256, -8075154, -8388608]
[-8388608, -8388608, -8388608, -8386005, -8307092, -8168957, -8049518, -8388608]
[-8388608, -8388608, -8388608, -8348053, -8278639, -8153726, -8013437, -8388608]
[-8388608, -8388608, -8388608, -8362939, -8292619, -8161240, -8045981, -8388608]
[-8388608, -8388608, -8388608, -8388608, -8322731, -8177517, -8103496, -8388608]
[-8388608, -8388608, -8388608, -8388608, -8312432, -8172116, -8090561, -8388608]
[-8388608, -8388608, -8388608, -8350986, -8280778, -8155254, -8046590, -8388608]
[-8388608, -8388608, -8388608, -8355484, -8286870, -8158596, -8065932, -8388608]
[-8388608, -8388608, -8388608, -8388608, -8319782, -8176431, -8123757, -8388608]
[-8388608, -8388608, -8388608, -8388608, -8317454, -8175345, -8127989, -8388608]
[-8388608, -8388608, -8388608, -8356151, -8284796, -8157902, -8084217, -8388608]
[-8388608, -8388608, -8388608, -8349691, -8282287, -8156523, -8087031, -8388608]
[-8388608, -8388608, -8388608, -8388608, -8314955, -8174164, -8131886, -8388608]
[-8388608, -8388608, -8388608, -8388608, -8320872, -8177546, -8140911, -8388608]
[-8388608, -8388608, -8388608, -8362423, -8289727, -8160910, -8118920, -8388608]
[-8388608, -8388608, -8388608, -8345297, -8278751, -8155027, -8109181, -8388608]
[-8388608, -8388608, -8388608, -8382250, -8308829, -8171264, -8135794, -8388608]
[-8388608, -8388608, -8388608, -8388608, -8322987, -8179052, -8143762, -8388608]
[-8388608, -8388608, -8388608, -8369798, -8295702, -8164534, -8133075, -8388608]
[-8388608, -8388608, -8388608, -8343267, -8277044, -8154562, -8126259, -8388608]
[-8388608, -8388608, -8388608, -8373572, -8302479, -8168290, -8137110, -8388608]
[-8388608, -8388608, -8388608, -8388608, -8323984, -8180060, -8145802, -8388608]
[-8388608, -8388608, -8388608, -8377451, -8302022, -8168382, -8137210, -8388608]
[-8388608, -8388608, -8388608, -8343284, -8276933, -8154974, -8127989, -8388608]
[-8388608, -8388608, -8388608, -8364699, -8295857, -8165206, -8136113, -8388608]
[-8388608, -8388608, -8388608, -8388608, -8323374, -8180220, -8147206, -8388608]
[-8388608, -8388608, -8388608, -8384571, -8308089, -8172092, -8141127, -8388608]
[-8388608, -8388608, -8388608, -8344901, -8278094, -8156049, -8129941, -8388608]
[-8388608, -8388608, -8388608, -8356155, -8289366, -8162139, -8135051, -8388608]
[-8388608, -8388608, -8388608, -8388608, -8320919, -8179222, -8147654, -8388608]
[-8388608, -8388608, -8388608, -8388608, -8313416, -8175352, -8144696, -8388608]
[-8388608, -8388608, -8388608, -8348697, -8281021, -8158055, -8132522, -8388608]
[-8388608, -8388608, -8388608, -8349549, -8284251, -8159777, -8134431, -8388608]
[-8388608, -8388608, -8388608, -8388608, -8317354, -8177696, -8147729, -8388608]
[-8388608, -8388608, -8388608, -8388608, -8317702, -8178033, -8147837, -8388608]
[-8388608, -8388608, -8388608, -8354100, -8285247, -8160749, -8135571, -8388608]
[-8388608, -8388608, -8388608, -8344086, -8279980, -8157978, -8134259, -8388608]
[-8388608, -8388608, -8388608, -8384293, -8312186, -8175374, -8147261, -8388608]
[-8388608, -8388608, -8388608, -8388608, -8320949, -8180272, -8150742, -8388608]
[-8388608, -8388608, -8388608, -8361009, -8290799, -8164187, -8139188, -8388608]
[-8388608, -8388608, -8388608, -8340509, -8277084, -8156812, -8134472, -8388608]
[-8388608, -8388608, -8388608, -8375563, -8305888, -8172362, -8146239, -8388608]
[-8388608, -8388608, -8388608, -8388608, -8322696, -8181603, -8152937, -8388608]
[-8388608, -8388608, -8388608, -8368476, -8296888, -8167838, -8142934, -8388608]
[-8388608, -8388608, -8388608, -8339063, -8275814, -8156531, -8135328, -8388608]
[-8388608, -8388608, -8388608, -8366574, -8299209, -8169137, -8145032, -8388608]
[-8388608, -8388608, -8388608, -8388608, -8322958, -8182091, -8154491, -8388608]
[-8388608, -8388608, -8388608, -8375922, -8303039, -8171479, -8146689, -8388608]
[-8388608, -8388608, -8388608, -8339519, -8276016, -8157070, -8136812, -8388608]
[-8388608, -8388608, -8388608, -8357777, -8292575, -8165989, -8143920, -8388608]
[-8388608, -8388608, -8388608, -8388608, -8321809, -8181895, -8155609, -8388608]
[-8388608, -8388608, -8388608, -8382852, -8308968, -8175114, -8150542, -8388608]
[-8388608, -8388608, -8388608, -8342302, -8278090, -8158644, -8139081, -8388608]
[-8388608, -8388608, -8388608, -8350528, -8287019, -8163471, -8143254, -8388608]
[-8388608, -8388608, -8388608, -8388608, -8319269, -8180956, -8156165, -8388608]
[-8388608, -8388608, -8388608, -8388608, -8314171, -8178360, -8154137, -8388608]
[-8388608, -8388608, -8388608, -8346719, -8281483, -8160951, -8141902, -8388608]
[-8388608, -8388608, -8388608, -8343821, -8281847, -8161224, -8142829, -8388608]
[-8388608, -8388608, -8388608, -8385847, -8315041, -8179171, -8156159, -8388608]
[-8388608, -8388608, -8388608, -8388608, -8318314, -8181091, -8157431, -8388608]
[-8388608, -8388608, -8388608, -8352795, -8286298, -8163982, -8145234, -8388608]
[-8388608, -8388608, -8388608, -8339437, -8278355, -8159774, -8142886, -8388608]
[-8388608, -8388608, -8388608, -8378347, -8309757, -8176749, -8155632, -8388608]
[-8388608, -8388608, -8388608, -8388608, -8321179, -8183102, -8160211, -8388608]
[-8388608, -8388608, -8388608, -8360176, -8292244, -8167665, -8149101, -8388608]
[-8388608, -8388608, -8388608, -8336791, -8276176, -8159073, -8143525, -8388608]
[-8388608, -8388608, -8388608, -8369821, -8303539, -8173820, -8154731, -8388608]
[-8388608, -8388608, -8388608, -8388608, -8322676, -8184341, -8162406, -8388608]
[-8388608, -8388608, -8388608, -8367943, -8298581, -8171531, -8153112, -8388608]
[-8388608, -8388608, -8388608, -8336006, -8275424, -8159181, -8144802, -8388608]
[-8388608, -8388608, -8388608, -8360924, -8296952, -8170796, -8153839, -8388608]
[-8388608, -8388608, -8388608, -8388608, -8322709, -8184835, -8164126, -8388608]
[-8388608, -8388608, -8388608, -8375566, -8304975, -8175453, -8157238, -8388608]
[-8388608, -8388608, -8388608, -8337222, -8276232, -8160116, -8146677, -8388608]
[-8388608, -8388608, -8388608, -8352182, -8290337, -8167738, -8152891, -8388608]
[-8388608, -8388608, -8388608, -8388608, -8321072, -8184434, -8165196, -8388608]
[-8388608, -8388608, -8388608, -8382327, -8310837, -8179089, -8161198, -8388608]
[-8388608, -8388608, -8388608, -8341034, -8279170, -8162253, -8149468, -8388608]
[-8388608, -8388608, -8388608, -8345643, -8285321, -8165576, -8152576, -8388608]
[-8388608, -8388608, -8388608, -8387894, -8318188, -8183361, -8165742, -8388608]
[-8388608, -8388608, -8388608, -8387662, -8315606, -8182116, -8164717, -8388608]
[-8388608, -8388608, -8388608, -8345794, -8282789, -8164564, -8152301, -8388608]
[-8388608, -8388608, -8388608, -8339499, -8280437, -8163314, -8152095, -8388608]
[-8388608, -8388608, -8388608, -8380986, -8313396, -8181112, -8165362, -8388608]
[-8388608, -8388608, -8388608, -8388608, -8319236, -8184439, -8167704, -8388608]
[-8388608, -8388608, -8388608, -8352486, -8288076, -8167877, -8155924, -8388608]
[-8388608, -8388608, -8388608, -8335651, -8277379, -8162254, -8152600, -8388608]
[-8388608, -8388608, -8388608, -8373075, -8307839, -8178728, -8165048, -8388608]
[-8388608, -8388608, -8388608, -8388608, -8321869, -8186471, -8170662, -8388608]
[-8388608, -8388608, -8388608, -8360079, -8294242, -8171696, -8159979, -8388608]
[-8388608, -8388608, -8388608, -8333712, -8275727, -8161826, -8153497, -8388608]
[-8388608, -8388608, -8388608, -8364272, -8301337, -8175623, -8164063, -8388608]
[-8388608, -8388608, -8388608, -8388608, -8322831, -8187389, -8172670, -8388608]
[-8388608, -8388608, -8388608, -8367982, -8300744, -8175691, -8164176, -8388608]
[-8388608, -8388608, -8388608, -8333792, -8275646, -8162311, -8155099, -8388608]
[-8388608, -8388608, -8388608, -8355714, -8294952, -8172747, -8163332, -8388608]
[-8388608, -8388608, -8388608, -8388608, -8322559, -8187819, -8174443, -8388608]
[-8388608, -8388608, -8388608, -8375424, -8307024, -8179571, -8168339, -8388608]
[-8388608, -8388608, -8388608, -8336069, -8277296, -8163707, -8157364, -8388608]
[-8388608, -8388608, -8388608, -8347994, -8289060, -8170073, -8162692, -8388608]
[-8388608, -8388608, -8388608, -8388608, -8320584, -8187178, -8175337, -8388608]
[-8388608, -8388608, -8388608, -8381961, -8312664, -8183087, -8172264, -8388608]
[-8388608, -8388608, -8388608, -8340086, -8280329, -8165857, -8160210, -8388608]
[-8388608, -8388608, -8388608, -8341265, -8283846, -8167822, -8162392, -8388608]
[-8388608, -8388608, -8388608, -8383646, -8317041, -8185793, -8175759, -8388608]
[-8388608, -8388608, -8388608, -8387032, -8317305, -8186142, -8175944, -8388608]
[-8388608, -8388608, -8388608, -8345776, -8284782, -8168789, -8163651, -8388608]
[-8388608, -8388608, -8388608, -8336124, -8279771, -8166136, -8162457, -8388608]
[-8388608, -8388608, -8388608, -8376767, -8312287, -8183734, -8175669, -8388608]
[-8388608, -8388608, -8388608, -8388608, -8320787, -8188484, -8179075, -8388608]
[-8388608, -8388608, -8388608, -8352794, -8290302, -8172169, -8167364, -8388608]
[-8388608, -8388608, -8388608, -8332968, -8277106, -8165084, -8162896, -8388608]
[-8388608, -8388608, -8388608, -8368499, -8306243, -8180884, -8174932, -8388608]
[-8388608, -8388608, -8388608, -8388608, -8322609, -8189864, -8181475, -8388608]
[-8388608, -8388608, -8388608, -8360397, -8296392, -8175816, -8171257, -8388608]
[-8388608, -8388608, -8388608, -8331349, -8275626, -8164694, -8163829, -8388608]
[-8388608, -8388608, -8388608, -8359492, -8299527, -8177687, -8173934, -8388608]
[-8388608, -8388608, -8388608, -8388608, -8323077, -8190579, -8183417, -8388608]
[-8388608, -8388608, -8388608, -8368240, -8302884, -8179821, -8175528, -8388608]
[-8388608, -8388608, -8388608, -8332164, -8276134, -8165562, -8165791, -8388608]
[-8388608, -8388608, -8388608, -8350998, -8293124, -8174769, -8173173, -8388608]
[-8388608, -8388608, -8388608, -8388608, -8322280, -8190641, -8184883, -8388608]
[-8388608, -8388608, -8388608, -8375598, -8309088, -8183654, -8179676, -8388608]
[-8388608, -8388608, -8388608, -8334804, -8278028, -8167066, -8168142, -8388608]
[-8388608, -8388608, -8388608, -8343280, -8287176, -8172057, -8172512, -8388608]
[-8388608, -8388608, -8388608, -8385400, -8319701, -8189713, -8185601, -8388608]
[-8388608, -8388608, -8388608, -8381731, -8314442, -8187015, -8183506, -8388608]
[-8388608, -8388608, -8388608, -8339577, -8281679, -8169562, -8171247, -8388608]
[-8388608, -8388608, -8388608, -8337122, -8282353, -8169986, -8172297, -8388608]
[-8388608, -8388608, -8388608, -8379431, -8315692, -8188018, -8185729, -8388608]
[-8388608, -8388608, -8388608, -8386419, -8318759, -8189852, -8186975, -8388608]
[-8388608, -8388608, -8388608, -8345747, -8286462, -8172583, -8174665, -8388608]
[-8388608, -8388608, -8388608, -8332666, -8278721, -8168458, -8172382, -8388608]
[-8388608, -8388608, -8388608, -8371927, -8310346, -8185571, -8185268, -8388608]
[-8388608, -8388608, -8388608, -8388608, -8321564, -8191822, -8189785, -8388608]
[-8388608, -8388608, -8388608, -8353094, -8292277, -8176153, -8178486, -8388608]
[-8388608, -8388608, -8388608, -8330092, -8276518, -8167746, -8173071, -8388608]
[-8388608, -8388608, -8388608, -8363397, -8304081, -8182664, -8184466, -8388608]
[-8388608, -8388608, -8388608, -8388608, -8322922, -8192997, -8192002, -8388608]
[-8388608, -8388608, -8388608, -8360825, -8298544, -8179993, -8182531, -8388608]
[-8388608, -8388608, -8388608, -8329186, -8275620, -8167749, -8174272, -8388608]
[-8388608, -8388608, -8388608, -8354576, -8297482, -8179590, -8183510, -8388608]
[-8388608, -8388608, -8388608, -8388608, -8322934, -8193414, -8193615, -8388608]
[-8388608, -8388608, -8388608, -8368449, -8304826, -8183781, -8186505, -8388608]
[-8388608, -8388608, -8388608, -8330370, -8276322, -8168577, -8176024, -8388608]
[-8388608, -8388608, -8388608, -8345638, -8290596, -8176252, -8182251, -8388608]
[-8388608, -8388608, -8388608, -8385692, -8321057, -8192782, -8194421, -8388608]
[-8388608, -8388608, -8388608, -8375128, -8310521, -8187259, -8190267, -8388608]
[-8388608, -8388608, -8388608, -8333648, -8278739, -8170333, -8178447, -8388608]
[-8388608, -8388608, -8388608, -8338538, -8285118, -8173828, -8181707, -8388608]
[-8388608, -8388608, -8388608, -8380962, -8318089, -8191689, -8194934, -8388608]
[-8388608, -8388608, -8388608, -8380584, -8315355, -8190309, -8193747, -8388608]
[-8388608, -8388608, -8388608, -8338718, -8282610, -8172866, -8181432, -8388608]
[-8388608, -8388608, -8388608, -8333073, -8280764, -8171939, -8181476, -8388608]
[-8388608, -8388608, -8388608, -8374544, -8313619, -8189644, -8194641, -8388608]
[-8388608, -8388608, -8388608, -8384437, -8318964, -8192641, -8196680, -8388608]
[-8388608, -8388608, -8388608, -8344969, -8287416, -8175769, -8184580, -8388608]
[-8388608, -8388608, -8388608, -8328760, -8277152, -8170277, -8181260, -8388608]
[-8388608, -8388608, -8388608, -8366390, -8307679, -8186786, -8193699, -8388608]
[-8388608, -8388608, -8388608, -8386365, -8321124, -8194187, -8199021, -8388608]
[-8388608, -8388608, -8388608, -8352169, -8293122, -8179206, -8188163, -8388608]
[-8388608, -8388608, -8388608, -8326066, -8274839, -8169440, -8181722, -8388608]
[-8388608, -8388608, -8388608, -8357146, -8300830, -8183487, -8192479, -8388608]
[-8388608, -8388608, -8388608, -8386516, -8321992, -8195055, -8200904, -8388608]
[-8388608, -8388608, -8388608, -8359771, -8299334, -8182965, -8192035, -8388608]
[-8388608, -8388608, -8388608, -8325793, -8274434, -8169666, -8182971, -8388608]
[-8388608, -8388608, -8388608, -8348046, -8293948, -8180178, -8191208, -8388608]
[-8388608, -8388608, -8388608, -8384661, -8321297, -8195067, -8202122, -8388608]
[-8388608, -8388608, -8388608, -8367068, -8305422, -8186634, -8195852, -8388608]
[-8388608, -8388608, -8388608, -8327641, -8275687, -8170774, -8184854, -8388608]
[-8388608, -8388608, -8388608, -8340152, -8287888, -8177364, -8190298, -8388608]
[-8388608, -8388608, -8388608, -8381043, -8319168, -8194297, -8202764, -8388608]
[-8388608, -8388608, -8388608, -8373152, -8310634, -8189776, -8199270, -8388608]
[-8388608, -8388608, -8388608, -8331149, -8278241, -8172489, -8187129, -8388608]
[-8388608, -8388608, -8388608, -8332914, -8282202, -8174681, -8189428, -8388608]
[-8388608, -8388608, -8388608, -8375157, -8315208, -8192516, -8202639, -8388608]
[-8388608, -8388608, -8388608, -8377768, -8314853, -8192459, -8202445, -8388608]
[-8388608, -8388608, -8388608, -8336407, -8282336, -8175154, -8190182, -8388608]
[-8388608, -8388608, -8388608, -8327072, -8277582, -8172614, -8189032, -8388608]
[-8388608, -8388608, -8388608, -8367759, -8310074, -8190141, -8202124, -8388608]
[-8388608, -8388608, -8388608, -8381184, -8318262, -8194752, -8205397, -8388608]
[-8388608, -8388608, -8388608, -8343191, -8287704, -8178444, -8193687, -8388608]
[-8388608, -8388608, -8388608, -8323806, -8274872, -8171548, -8189324, -8388608]
[-8388608, -8388608, -8388608, -8359801, -8304292, -8187432, -8201347, -8388608]
[-8388608, -8388608, -8388608, -8382897, -8320293, -8196259, -8207779, -8388608]
[-8388608, -8388608, -8388608, -8351044, -8294001, -8182267, -8197656, -8388608]
[-8388608, -8388608, -8388608, -8322490, -8273689, -8171471, -8190502, -8388608]
[-8388608, -8388608, -8388608, -8351114, -8297884, -8184529, -8200567, -8388608]
[-8388608, -8388608, -8388608, -8382789, -8320973, -8197118, -8209765, -8388608]
[-8388608, -8388608, -8388608, -8358759, -8300324, -8186121, -8201681, -8388608]
[-8388608, -8388608, -8388608, -8323002, -8273882, -8172041, -8192059, -8388608]
[-8388608, -8388608, -8388608, -8342419, -8291305, -8181464, -8199566, -8388608]
[-8388608, -8388608, -8388608, -8380526, -8319981, -8197022, -8210989, -8388608]
[-8388608, -8388608, -8388608, -8365679, -8306147, -8189627, -8205424, -8388608]
[-8388608, -8388608, -8388608, -8325160, -8275345, -8173158, -8193927, -8388608]
[-8388608, -8388608, -8388608, -8334482, -8285129, -8178481, -8198489, -8388608]
[-8388608, -8388608, -8388608, -8376209, -8317308, -8195966, -8211444, -8388608]
[-8388608, -8388608, -8388608, -8371521, -8311284, -8192849, -8209029, -8388608]
[-8388608, -8388608, -8388608, -8329271, -8278463, -8175271, -8196602, -8388608]
[-8388608, -8388608, -8388608, -8327613, -8279721, -8175917, -8197735, -8388608]
[-8388608, -8388608, -8388608, -8370021, -8313102, -8194004, -8211210, -8388608]
[-8388608, -8388608, -8388608, -8375982, -8315389, -8195441, -8212170, -8388608]
[-8388608, -8388608, -8388608, -8335251, -8283150, -8178263, -8199949, -8388608]
[-8388608, -8388608, -8388608, -8323009, -8276096, -8174526, -8197934, -8388608]
[-8388608, -8388608, -8388608, -8362614, -8307914, -8191692, -8210807, -8388608]
[-8388608, -8388608, -8388608, -8378816, -8318324, -8197494, -8214972, -8388608]
[-8388608, -8388608, -8388608, -8342334, -8288791, -8181742, -8203631, -8388608]
[-8388608, -8388608, -8388608, -8320130, -8273690, -8173666, -8198420, -8388608]
[-8388608, -8388608, -8388608, -8354035, -8301678, -8188797, -8209939, -8388608]
[-8388608, -8388608, -8388608, -8379809, -8319877, -8198776, -8217197, -8388608]
[-8388608, -8388608, -8388608, -8349811, -8294860, -8185385, -8207407, -8388608]
[-8388608, -8388608, -8388608, -8318681, -8272370, -8173332, -8199250, -8388608]
[-8388608, -8388608, -8388608, -8344845, -8294828, -8185515, -8208741, -8388608]
[-8388608, -8388608, -8388608, -8378587, -8319731, -8199133, -8218755, -8388608]
[-8388608, -8388608, -8388608, -8357104, -8300972, -8189099, -8211317, -8388608]
[-8388608, -8388608, -8388608, -8319722, -8273062, -8174162, -8200988, -8388608]
[-8388608, -8388608, -8388608, -8336136, -8288217, -8182340, -8207578, -8388608]
[-8388608, -8388608, -8388608, -8375670, -8318190, -8198598, -8219541, -8388608]
[-8388608, -8388608, -8388608, -8363969, -8306806, -8192627, -8215065, -8388608]
[-8388608, -8388608, -8388608, -8322730, -8275265, -8175779, -8203246, -8388608]
[-8388608, -8388608, -8388608, -8328762, -8282518, -8179715, -8206787, -8388608]
[-8388608, -8388608, -8388608, -8370967, -8315279, -8197507, -8219992, -8388608]
[-8388608, -8388608, -8388608, -8369537, -8311787, -8195797, -8218617, -8388608]
[-8388608, -8388608, -8388608, -8327391, -8278885, -8178216, -8206153, -8388608]
[-8388608, -8388608, -8388608, -8322647, -8277748, -8177607, -8206379, -8388608]
[-8388608, -8388608, -8388608, -8364366, -8310781, -8195472, -8219707, -8388608]
[-8388608, -8388608, -8388608, -8373412, -8315519, -8198241, -8221644, -8388608]
[-8388608, -8388608, -8388608, -8333642, -8283854, -8181356, -8209581, -8388608]
[-8388608, -8388608, -8388608, -8318304, -8274317, -8176249, -8206536, -8388608]
[-8388608, -8388608, -8388608, -8356474, -8305206, -8192912, -8219069, -8388608]
[-8388608, -8388608, -8388608, -8375647, -8318038, -8200047, -8224254, -8388608]
[-8388608, -8388608, -8388608, -8340889, -8289679, -8184887, -8213274, -8388608]
[-8388608, -8388608, -8388608, -8315921, -8272307, -8175577, -8207135, -8388608]
[-8388608, -8388608, -8388608, -8347820, -8298892, -8189966, -8218151, -8388608]
[-8388608, -8388608, -8388608, -8376078, -8319156, -8201057, -8226249, -8388608]
[-8388608, -8388608, -8388608, -8348467, -8295901, -8188652, -8217167, -8388608]
[-8388608, -8388608, -8388608, -8315394, -8271775, -8175759, -8208388, -8388608]
[-8388608, -8388608, -8388608, -8338635, -8292044, -8186720, -8216993, -8388608]
[-8388608, -8388608, -8388608, -8374439, -8318703, -8201236, -8227647, -8388608]
[-8388608, -8388608, -8388608, -8355645, -8301923, -8192238, -8220932, -8388608]
[-8388608, -8388608, -8388608, -8316593, -8272553, -8176543, -8210046, -8388608]
[-8388608, -8388608, -8388608, -8330141, -8285590, -8183646, -8215909, -8388608]
[-8388608, -8388608, -8388608, -8370800, -8316644, -8200498, -8228342, -8388608]
[-8388608, -8388608, -8388608, -8361933, -8307394, -8195600, -8224604, -8388608]
[-8388608, -8388608, -8388608, -8319971, -8275119, -8178354, -8212479, -8388608]
[-8388608, -8388608, -8388608, -8322842, -8279952, -8180993, -8215096, -8388608]
[-8388608, -8388608, -8388608, -8365509, -8313264, -8199071, -8228542, -8388608]
[-8388608, -8388608, -8388608, -8367181, -8312194, -8198689, -8228156, -8388608]
[-8388608, -8388608, -8388608, -8325373, -8279367, -8181140, -8215679, -8388608]
[-8388608, -8388608, -8388608, -8317334, -8275670, -8179206, -8214991, -8388608]
[-8388608, -8388608, -8388608, -8358350, -8308348, -8196858, -8228189, -8388608]
[-8388608, -8388608, -8388608, -8370444, -8315466, -8200844, -8230989, -8388608]
[-8388608, -8388608, -8388608, -8331821, -8284504, -8184280, -8219080, -8388608]
[-8388608, -8388608, -8388608, -8313749, -8272747, -8177966, -8215134, -8388608]
[-8388608, -8388608, -8388608, -8350225, -8302492, -8194053, -8227309, -8388608]
[-8388608, -8388608, -8388608, -8372209, -8317608, -8202426, -8233416, -8388608]
[-8388608, -8388608, -8388608, -8339228, -8290474, -8187869, -8222807, -8388608]
[-8388608, -8388608, -8388608, -8311504, -8270862, -8177387, -8215827, -8388608]
[-8388608, -8388608, -8388608, -8341134, -8295845, -8190922, -8226266, -8388608]
[-8388608, -8388608, -8388608, -8371962, -8318236, -8203139, -8235184, -8388608]
[-8388608, -8388608, -8388608, -8346881, -8296825, -8191706, -8226777, -8388608]
[-8388608, -8388608, -8388608, -8311672, -8270879, -8177848, -8217292, -8388608]
[-8388608, -8388608, -8388608, -8332362, -8289272, -8187809, -8225182, -8388608]
[-8388608, -8388608, -8388608, -8369818, -8317360, -8203062, -8236385, -8388608]
[-8388608, -8388608, -8388608, -8353750, -8302639, -8195198, -8230491, -8388608]
[-8388608, -8388608, -8388608, -8313553, -8272203, -8178921, -8219140, -8388608]
[-8388608, -8388608, -8388608, -8323998, -8282871, -8184725, -8224057, -8388608]
[-8388608, -8388608, -8388608, -8365597, -8314862, -8202095, -8236911, -8388608]
[-8388608, -8388608, -8388608, -8359931, -8308095, -8198593, -8234219, -8388608]
